-5.3942E+000
-1.2503E+001
-7.0086E+000
-8.3915E-001
-9.6422E+000
-2.6862E+000
 1.3637E+000
-7.8417E+000
-3.9584E+000
 2.5600E+000
-5.4670E+000
-2.1370E+000
 3.2182E+000
-6.3775E+000
-3.4895E+000
 2.6037E+000
-6.6503E+000
-4.9641E+000
 2.8609E+000
-6.1086E+000
-5.3762E+000
 2.2981E+000
-5.8357E+000
-5.1072E+000
 2.4925E+000
-7.1958E+000
-4.9483E+000
 1.1348E+000
-6.9533E+000
-7.0077E+000
-2.5304E+000
-6.5500E+000
-1.0128E+000
-1.0313E+000
-1.1999E+001
-3.2028E-001
-6.3870E-001
-9.8551E+000
-5.0034E+000
-5.0296E+000
-4.6931E+000
-3.2947E+000
-2.3876E+000
 4.3707E-001
-2.5884E+000
-5.5621E+000
 5.4171E+000
 5.5486E-001
-2.9071E+000
 3.6421E+000
 4.7828E+000
-4.5963E+000
 3.3634E+000
 2.9375E+000
-1.8458E+000
 2.7069E+000
-6.6666E-001
 1.9934E+000
-3.7096E+000
-1.5021E+000
 1.2804E+000
-3.9936E+000
-1.9231E+000
 1.4203E+000
-4.7014E+000
-3.3666E+000
 2.8367E+000
-4.6291E+000
-3.2643E+000
 2.2354E+000
-4.4186E+000
-2.8174E+000
 2.0115E+000
-4.3590E+000
-3.3183E+000
 2.5323E+000
-4.9482E+000
-3.5860E+000
 3.0239E+000
-4.7354E+000
-3.4479E+000
 2.8511E+000
-4.3785E+000
-3.9567E+000
 3.0390E+000
-4.3139E+000
-3.9756E+000
 3.2901E+000
-5.0726E+000
-3.1444E+000
 3.1214E+000
-4.9941E+000
-3.0465E+000
 2.8670E+000
-5.0830E+000
-2.6196E+000
 2.5476E+000
-5.5504E+000
-2.9722E+000
 3.3499E+000
-5.2341E+000
-2.0123E+000
 3.8093E+000
-5.7407E+000
-3.0918E+000
 3.1870E+000
-5.1808E+000
-2.4920E+000
 3.3780E+000
-5.9440E+000
-1.6391E+000
 3.4508E+000
-6.1123E+000
-2.2090E+000
 3.2393E+000
-5.3479E+000
-2.4553E+000
 2.7776E+000
-5.2464E+000
-1.6169E+000
 3.1308E+000
-5.9338E+000
-1.2403E+000
 3.2124E+000
-6.0335E+000
-1.9012E+000
 3.3135E+000
-5.6116E+000
-2.1932E+000
 3.0988E+000
-5.2791E+000
-1.8937E+000
 3.2028E+000
-5.6457E+000
-1.1417E+000
 3.1461E+000
-5.6722E+000
-1.4341E+000
 2.7421E+000
-4.8186E+000
-1.7397E+000
 2.7569E+000
-4.5722E+000
-1.3035E+000
 2.8798E+000
-4.9131E+000
-1.2160E+000
 2.8289E+000
-5.4822E+000
-2.6284E+000
 1.1641E+000
-3.5565E+000
-3.9621E+000
 1.7963E+000
-4.8777E+000
-2.6716E+000
 1.7526E-001
-2.2312E+000
-5.3087E+000
 2.3699E+000
-3.3736E+000
-1.8354E+000
 2.1443E+000
-3.4109E+000
-1.9664E+000
 1.9787E+000
-3.6196E+000
-2.2627E+000
 2.0388E+000
-3.5429E+000
-2.2855E+000
 1.7666E+000
-3.5955E+000
-2.2946E+000
 1.6810E+000
-3.4670E+000
-2.3818E+000
 2.0066E+000
-3.5159E+000
-2.8169E+000
 2.0673E+000
-3.7015E+000
-2.5578E+000
 1.9461E+000
-3.4392E+000
-2.3504E+000
 1.8398E+000
-3.3651E+000
-2.8614E+000
 2.3068E+000
-3.9326E+000
-3.0128E+000
 2.1249E+000
-4.0644E+000
-2.3912E+000
 1.9314E+000
-3.6038E+000
-2.3910E+000
 2.1518E+000
-3.7804E+000
-2.8980E+000
 2.3564E+000
-4.0852E+000
-2.7446E+000
 2.1803E+000
-4.0123E+000
-2.7518E+000
 2.0463E+000
-4.3562E+000
-2.7363E+000
 2.3403E+000
-4.4227E+000
-2.4454E+000
 2.5030E+000
-4.3419E+000
-2.2509E+000
 2.6816E+000
-4.5855E+000
-2.1618E+000
 2.3267E+000
-4.3294E+000
-2.2417E+000
 1.9209E+000
-4.1542E+000
-1.8794E+000
 1.9866E+000
-4.3163E+000
-1.7107E+000
 2.3093E+000
-4.6852E+000
-1.6260E+000
 1.9595E+000
-4.3126E+000
-1.7051E+000
 1.9242E+000
-4.3341E+000
-9.0780E-001
 2.4090E+000
-4.8404E+000
-1.1218E+000
 2.3440E+000
-4.3858E+000
-1.5451E+000
 2.0339E+000
-4.1157E+000
-1.0252E+000
 2.1458E+000
-4.2064E+000
-8.4998E-001
 1.9971E+000
-4.1688E+000
-1.4208E+000
 1.7436E+000
-3.7440E+000
-1.5132E+000
 1.8365E+000
-3.4527E+000
-1.0844E+000
 1.9250E+000
-3.5686E+000
-1.1883E+000
 1.5656E+000
-3.5385E+000
-1.4647E+000
 1.6343E+000
-3.1445E+000
-1.2264E+000
 1.6406E+000
-2.9645E+000
-1.3037E+000
 1.7042E+000
-2.9781E+000
-1.4721E+000
 1.7936E+000
-3.2373E+000
-1.3126E+000
 1.4212E+000
-3.3113E+000
-1.8888E+000
 1.4157E+000
-2.9461E+000
-1.6359E+000
 1.5198E+000
-2.9355E+000
-1.9732E+000
 1.5839E+000
-3.0988E+000
-1.9200E+000
 1.2964E+000
-3.0580E+000
-1.6137E+000
 1.1439E+000
-2.8579E+000
-1.8162E+000
 1.2827E+000
-2.9482E+000
-2.0355E+000
 1.1773E+000
-3.1292E+000
-1.9135E+000
 1.3346E+000
-2.8542E+000
-1.6113E+000
 1.2776E+000
-2.7981E+000
-2.0825E+000
 1.5095E+000
-3.0600E+000
-2.0912E+000
 1.3571E+000
-3.1268E+000
-1.3873E+000
 9.4296E-001
-2.8486E+000
-1.6172E+000
 1.1420E+000
-2.9496E+000
-2.1088E+000
 1.4628E+000
-3.4012E+000
-1.8536E+000
 1.3239E+000
-3.3321E+000
-1.5999E+000
 1.3277E+000
-3.0241E+000
-1.5932E+000
 1.6233E+000
-3.5595E+000
-1.6893E+000
 1.4245E+000
-3.8686E+000
-1.0411E+000
 1.4237E+000
-3.8777E+000
-8.4178E-001
 1.4638E+000
-3.5557E+000
-4.8322E-001
 1.6027E+000
-3.7007E+000
-3.3569E-001
 1.6850E+000
-3.8005E+000
-4.1267E-001
 1.4984E+000
-3.6604E+000
-3.6450E-001
 1.5231E+000
-3.6408E+000
-1.5621E-001
 1.9678E+000
-4.0026E+000
-9.0968E-002
 1.7027E+000
-3.9501E+000
-2.4176E-001
 1.3990E+000
-3.7148E+000
-3.9772E-001
 1.5208E+000
-3.6816E+000
-4.5916E-001
 1.6350E+000
-3.6482E+000
-2.6446E-001
 1.3518E+000
-3.5956E+000
-2.7898E-001
 1.2285E+000
-3.2425E+000
-2.5765E-001
 1.1476E+000
-3.3467E+000
-2.4775E-002
 1.2902E+000
-3.4438E+000
 5.5282E-003
 1.2690E+000
-3.2073E+000
-3.1285E-001
 1.2108E+000
-2.8020E+000
 2.3072E-003
 1.5012E+000
-2.4854E+000
 2.4363E-001
 1.6540E+000
-2.6097E+000
 5.2869E-002
 1.6078E+000
-2.5009E+000
 2.8689E-001
 9.2794E-001
-2.5670E+000
-6.1400E-002
 1.1544E+000
-2.7146E+000
 7.8190E-002
 1.3030E+000
-2.8821E+000
-6.8088E-001
 1.1706E+000
-3.0512E+000
-4.4100E-001
 1.0196E+000
-2.8346E+000
-3.2380E-001
 6.7770E-001
-2.7282E+000
-7.3206E-001
 1.0288E+000
-2.8755E+000
-1.1413E+000
 9.0229E-001
-2.8693E+000
-6.3817E-001
 8.5665E-001
-2.3082E+000
-5.7504E-001
 8.1751E-001
-2.5346E+000
-9.6643E-001
 9.9187E-001
-2.6832E+000
-9.3714E-001
 7.4393E-001
-2.4496E+000
-5.4709E-001
 6.5234E-001
-2.0164E+000
-8.6516E-001
 8.9537E-001
-2.2423E+000
-1.0810E+000
 1.0440E+000
-2.5561E+000
-5.7297E-001
 8.1379E-001
-2.4156E+000
-3.9940E-001
 7.3152E-001
-2.0825E+000
-5.1127E-001
 9.3674E-001
-2.7896E+000
-4.0682E-001
 8.6708E-001
-3.1015E+000
 1.8496E-001
 8.8799E-001
-3.0510E+000
 4.6790E-001
 7.4338E-001
-2.4738E+000
 8.3426E-001
 8.0413E-001
-2.7387E+000
 1.1563E+000
 8.9186E-001
-2.8702E+000
 7.2134E-001
 6.2360E-001
-2.5841E+000
 5.3005E-001
 3.9341E-001
-2.6039E+000
 9.7284E-001
 6.1070E-001
-2.9508E+000
 9.7470E-001
 8.0206E-001
-2.7329E+000
 5.2223E-001
 3.1055E-001
-2.1862E+000
 6.6032E-001
 3.5276E-001
-2.2956E+000
 1.0639E+000
 4.5547E-001
-2.6176E+000
 6.1872E-001
 6.8075E-001
-2.1363E+000
 4.0340E-001
 5.8000E-001
-1.9084E+000
 6.7258E-001
 6.3037E-001
-2.1720E+000
 6.5368E-001
 7.9960E-001
-2.1414E+000
 1.2550E-001
 3.6663E-001
-1.9521E+000
 7.2975E-002
 5.0376E-001
-1.5796E+000
 4.4183E-001
 7.4066E-001
-1.9889E+000
 2.5995E-001
 6.1317E-001
-1.6188E+000
 6.3605E-001
 5.1347E-001
-1.6955E+000
-4.0141E-001
 4.9499E-001
-1.5964E+000
-4.3143E-001
 7.6039E-001
-1.6022E+000
-6.6445E-001
 6.6540E-001
-1.8334E+000
-2.0516E-001
 4.1415E-001
-1.8157E+000
-2.2171E-001
 4.6292E-001
-1.5767E+000
-7.8477E-001
 3.9497E-001
-1.6726E+000
-7.9201E-001
 3.9901E-001
-1.6182E+000
-3.5319E-001
 2.2911E-001
-1.4294E+000
-4.3634E-001
 3.8764E-001
-1.4627E+000
-9.7994E-001
 3.7531E-001
-1.6484E+000
-7.9764E-001
 1.4000E-001
-1.3764E+000
-3.6351E-001
 4.5784E-002
-1.3029E+000
-5.9663E-001
 2.5940E-001
-1.3721E+000
-7.3114E-001
 2.5162E-001
-1.5353E+000
-3.2891E-001
-7.6275E-002
-1.4550E+000
-3.6827E-001
 3.1881E-002
-1.2917E+000
-1.0052E+000
 3.1538E-001
-1.6533E+000
-7.8734E-001
 2.4696E-001
-1.3907E+000
 1.7836E-002
 2.8813E-001
-1.3987E+000
 7.1769E-003
-2.5902E-001
-7.1918E-001
 9.0105E-002
-5.3224E-001
-8.6675E-001
 4.9436E-001
-8.7833E-002
-1.1914E+000
 7.4949E-001
-1.3400E-001
-1.0470E+000
 5.7642E-001
-7.2327E-001
-5.5073E-001
 1.0984E+000
-6.0211E-001
-8.7762E-001
 1.6848E+000
-1.8710E-001
-1.4292E+000
 1.4603E+000
-1.0403E-001
-1.2094E+000
 7.9765E-001
-2.7153E-001
-8.4744E-001
 8.4187E-001
-1.9589E-001
-7.8426E-001
 1.2634E+000
-1.4061E-002
-1.1856E+000
 8.0845E-001
-2.2290E-001
-7.8017E-001
 3.2542E-001
-2.7596E-001
-2.6144E-001
 6.1474E-001
-1.6647E-002
-7.0077E-001
 8.8039E-001
-4.7892E-002
-8.4113E-001
 3.3483E-001
-3.7939E-003
-4.1636E-001
 2.6341E-001
-7.4738E-002
-3.5523E-001
 4.4418E-001
 9.8774E-002
-7.9552E-001
 2.5713E-001
-7.6637E-002
-3.3965E-001
 5.7260E-001
 4.7419E-002
-6.0136E-001
-1.9828E-001
 3.4470E-001
-8.7182E-004
-4.0748E-001
 1.0689E-001
-6.2747E-001
-6.7694E-001
 3.1117E-001
-8.2534E-001
-3.6501E-001
 1.9881E-001
-5.3338E-001
-3.1430E-001
-2.4465E-001
-6.6952E-001
-6.9550E-001
-1.5273E-001
-8.5810E-001
-7.4380E-001
-9.4877E-002
-5.2681E-001
-3.4391E-002
-3.0828E-001
-3.1534E-001
-3.0849E-001
-1.1889E-001
-5.5836E-001
-5.6292E-001
-1.8071E-001
-7.6567E-001
-9.5676E-002
-3.3665E-001
-2.9346E-001
 6.4570E-002
-2.7796E-001
-1.9238E-001
-3.0029E-001
-5.5016E-002
-1.3615E-001
-4.2042E-001
-4.5903E-001
-1.5195E-001
 4.3285E-002
-9.3255E-001
 1.7020E-002
-1.9242E-001
-5.4376E-001
 3.8525E-001
-7.6244E-001
-6.2235E-001
 3.4904E-003
-3.3248E-001
-9.7411E-001
 1.6488E-001
-1.2979E-001
-1.2615E+000
 7.2207E-001
-8.5092E-002
-1.5136E+000
 6.8776E-001
-2.5391E-002
-1.6614E+000
 6.6016E-001
-6.2193E-002
-1.3656E+000
 5.8373E-001
 2.9531E-001
-1.0814E+000
 5.4448E-001
 2.5108E-001
-1.2473E+000
 6.8950E-001
 4.0906E-001
-1.2965E+000
 4.9954E-001
 6.2720E-001
-1.2837E+000
 2.2701E-001
 4.8525E-001
-1.2165E+000
 2.7583E-001
 2.8102E-001
-7.9554E-001
 2.4061E-001
 2.6534E-001
-7.8777E-001
 1.1097E-001
-2.6872E-001
-7.9536E-001
 2.6163E-001
-1.4225E-001
-7.4375E-001
 2.7785E-001
-1.1617E-001
-3.1350E-001
 1.9294E-001
-2.3316E-001
-4.4453E-001
-1.8342E-003
-5.9674E-001
-5.1485E-001
 1.0498E-001
-3.7860E-001
-5.4982E-001
 1.1843E-001
-4.1027E-001
-5.4999E-001
 2.3377E-001
-3.6997E-001
-3.2856E-001
 2.8335E-001
-2.4141E-001
-4.6735E-001
 4.9889E-001
 7.1835E-002
-2.4638E-001
 2.0135E-001
-2.9312E-001
-3.3646E-001
 3.1938E-001
-6.6221E-001
-2.8230E-001
-1.0473E-001
-7.7182E-001
-3.2115E-001
-6.2849E-002
-4.4390E-001
-4.6274E-001
 3.2365E-001
-5.3113E-001
-4.3816E-001
 2.1348E-001
-8.1950E-001
-3.1844E-001
-7.8130E-002
-7.3664E-001
-3.8120E-001
 1.4505E-001
-5.7289E-001
-4.2005E-001
 3.6758E-001
-8.8749E-001
-4.2519E-001
 2.0508E-001
-9.9293E-001
-5.1261E-001
 1.0701E-001
-5.3964E-001
-5.8472E-001
 3.8323E-001
-5.0249E-001
-5.7077E-001
 3.9546E-001
-7.1462E-001
-8.0145E-001
 5.2307E-002
-4.7537E-001
-4.9643E-001
 4.3628E-001
-1.3384E-001
-5.7331E-001
 7.1876E-001
-1.8322E-001
-6.9300E-001
 6.5147E-001
-7.5683E-002
-7.9587E-001
 2.7688E-001
 2.8386E-001
-7.7203E-001
 5.0389E-001
 4.7353E-001
-7.7252E-001
 1.0281E+000
 4.5369E-001
-6.4380E-001
 1.0147E+000
 5.1802E-001
-8.3664E-001
 9.3740E-001
 4.9151E-001
-8.1142E-001
 9.1361E-001
 5.1778E-001
-6.7228E-001
 9.8655E-001
 7.6376E-002
-3.9804E-001
 1.1386E+000
 1.5444E-001
-3.1587E-001
 1.2463E+000
 5.4242E-001
-4.3579E-001
 1.1917E+000
 3.6997E-001
-5.8329E-001
 1.1029E+000
 1.4329E-001
-6.5611E-001
 1.1597E+000
 8.1104E-002
-6.7816E-001
 1.3173E+000
 1.4863E-001
-6.9828E-001
 9.6702E-001
 6.6577E-002
-5.3186E-001
 1.0790E+000
-3.3100E-001
-5.8491E-001
 1.5174E+000
-3.9098E-001
-5.4628E-001
 1.4877E+000
-3.5089E-001
-5.2678E-001
 1.1118E+000
-5.9097E-001
-5.9490E-001
 1.3328E+000
-8.6967E-001
-5.5367E-001
 1.5655E+000
-8.4692E-001
-5.2252E-001
 9.9170E-001
-7.0069E-001
-2.7409E-001
 5.7985E-001
-9.8807E-001
-1.6306E-001
 5.5820E-001
-1.0442E+000
-3.7238E-002
 6.8042E-001
-1.5185E+000
-1.1084E-001
 4.4369E-001
-1.4623E+000
-2.9151E-001
 5.9405E-001
-1.2021E+000
-1.4167E-001
 1.1881E+000
-1.4083E+000
-3.0347E-002
 8.8766E-001
-1.9548E+000
-2.3841E-001
 3.9480E-001
-1.4377E+000
-4.7154E-001
 1.0306E+000
-1.0158E+000
-2.0187E-001
 1.6046E+000
-1.7275E+000
-4.8937E-001
 8.1401E-001
-1.8417E+000
-4.9480E-001
 8.4019E-001
-1.0800E+000
-2.7887E-001
 1.4129E+000
-1.0584E+000
-3.3801E-001
 1.1726E+000
-1.0831E+000
-3.7142E-001
 6.1496E-001
-7.0640E-001
-2.3866E-001
 9.1199E-001
-3.3596E-001
-1.2545E-001
 1.3278E+000
-3.3175E-001
-1.4228E-001
 1.3441E+000
-2.7980E-001
-5.1120E-001
 1.0663E+000
 1.7995E-001
-3.3966E-001
 1.1991E+000
 2.3194E-001
-6.2011E-001
 1.5981E+000
 6.7438E-001
-3.5525E-001
 1.5830E+000
 1.1074E+000
 2.1383E-001
 1.9051E+000
 1.4498E+000
 9.6991E-001
 2.2324E+000
 1.0999E-001
 3.7655E-002
 2.4221E+000
 4.9812E-002
 1.2597E-001
 2.4303E+000
 6.2423E-002
-1.8122E-001
 2.2057E+000
 1.2540E-001
-8.6712E-002
 2.1972E+000
 2.9049E-001
-1.9066E-001
 2.1052E+000
-3.3781E-001
-3.8995E-001
 2.6182E+000
-4.7194E-001
-3.2305E-001
 2.8696E+000
 1.3148E-001
-2.4810E-001
 2.6252E+000
 2.2461E-001
-2.3266E-001
 2.1273E+000
-4.5128E-001
-2.6770E-001
 2.4009E+000
-8.2892E-001
-2.6523E-001
 2.7576E+000
-7.0244E-001
-3.4770E-001
 2.1202E+000
-7.8133E-001
-2.9160E-001
 1.9167E+000
-1.3582E+000
-1.5375E-001
 2.4352E+000
-1.6956E+000
-1.2120E-001
 2.5538E+000
-1.5224E+000
-2.3973E-001
 1.8658E+000
-1.7479E+000
-1.6632E-001
 2.0330E+000
-2.0721E+000
-4.5204E-002
 2.2939E+000
-2.4366E+000
-2.3320E-001
 1.9840E+000
-2.4270E+000
-2.2180E-001
 1.9680E+000
-2.3871E+000
-2.8551E-001
 1.5555E+000
-2.4002E+000
-6.8929E-002
 1.4234E+000
-3.3467E+000
-9.1980E-001
 8.4911E-001
-2.7285E+000
-3.2323E-001
 1.1170E+000
-2.1186E+000
-3.8176E-001
 1.5930E+000
-2.6593E+000
-7.5001E-001
 1.2671E+000
-2.6677E+000
-4.3057E-001
 1.0191E+000
-2.2906E+000
-2.1330E-001
 1.4906E+000
-2.0117E+000
-4.1315E-001
 1.4743E+000
-2.4481E+000
-6.5720E-001
 8.6888E-001
-2.2948E+000
-4.2238E-001
 9.0804E-001
-1.7715E+000
-3.5061E-001
 1.5034E+000
-1.7004E+000
-4.4840E-001
 1.5828E+000
-2.1090E+000
-5.1644E-001
 1.1874E+000
-1.6826E+000
-3.7268E-001
 1.7122E+000
-1.1948E+000
-1.0402E-001
 2.0964E+000
-1.1794E+000
-2.8740E-001
 2.0537E+000
-8.2580E-001
-2.7288E-001
 2.1340E+000
-4.8572E-001
-2.0270E-001
 2.4467E+000
-5.3248E-001
-1.9173E-001
 2.5542E+000
-7.0623E-001
 1.1504E-001
 2.5735E+000
-6.0819E-001
 2.1597E-001
 3.0498E+000
-5.0325E-001
 2.1675E-001
 3.1872E+000
-6.6647E-001
-1.1713E-002
 2.8372E+000
-1.1410E+000
 1.8608E-001
 3.2550E+000
-1.4540E+000
 1.1938E-001
 3.1590E+000
-1.4745E+000
 1.7719E-001
 2.9809E+000
-1.3095E+000
-3.0945E-002
 2.8012E+000
-1.4311E+000
 2.4743E-001
 2.9715E+000
-1.9727E+000
 3.3327E-001
 3.0543E+000
-2.0977E+000
 6.3907E-002
 2.5540E+000
-2.0751E+000
-5.5712E-003
 2.2436E+000
-2.2919E+000
 1.5234E-003
 2.7183E+000
-2.8925E+000
-1.0215E-002
 2.6964E+000
-2.8835E+000
-1.1493E-001
 2.0040E+000
-2.8928E+000
 6.3425E-002
 2.0957E+000
-3.5011E+000
 9.8818E-002
 2.2279E+000
-3.6215E+000
 7.6630E-002
 2.2034E+000
-3.6820E+000
-1.5864E-001
 2.4197E+000
-3.9138E+000
-1.8858E-001
 1.3899E+000
-3.5803E+000
 1.4536E-001
 1.0563E+000
-4.7902E+000
-2.2528E-001
 3.0941E-001
-3.9056E+000
-1.6561E-001
 1.2073E+000
-3.0815E+000
-8.4152E-002
 1.6816E+000
-3.5488E+000
-1.8919E-001
 1.1439E+000
-3.7097E+000
-4.1295E-001
 1.0963E+000
-3.0997E+000
-1.2109E-001
 1.6255E+000
-2.8913E+000
-2.5408E-001
 1.4655E+000
-3.2393E+000
-2.8599E-001
 9.1526E-001
-2.9958E+000
-3.9963E-001
 1.1840E+000
-2.4852E+000
-4.2611E-001
 1.7220E+000
-2.6869E+000
-4.0982E-001
 1.2900E+000
-2.4606E+000
-2.5478E-002
 1.5068E+000
-1.7465E+000
-4.8727E-001
 2.0516E+000
-1.8088E+000
-5.1073E-001
 2.0339E+000
-2.1670E+000
-3.3167E-001
 1.5278E+000
-1.6903E+000
-3.3903E-001
 2.2384E+000
-1.0341E+000
-1.7905E-001
 2.9292E+000
-1.5301E+000
-1.4334E-001
 2.9750E+000
-2.0124E+000
-1.2381E-002
 2.7634E+000
-2.4876E+000
-1.5686E-001
 3.2814E+000
-2.6615E+000
 1.0416E-001
 3.5721E+000
-2.4569E+000
-1.0128E-001
 2.8617E+000
-2.7789E+000
 4.4156E-001
 2.9268E+000
-3.1029E+000
 1.5195E-001
 3.6818E+000
-2.9259E+000
 4.4972E-002
 3.4348E+000
-2.7169E+000
 1.2915E-002
 2.7271E+000
-3.1743E+000
 5.5217E-001
 2.9241E+000
-3.4768E+000
 8.8826E-001
 3.1845E+000
-3.7295E+000
 6.2130E-001
 2.6067E+000
-3.7404E+000
 5.4810E-001
 2.1252E+000
-4.1158E+000
 1.3589E+000
 2.2881E+000
-4.1868E+000
 1.7498E+000
 2.5194E+000
-5.0051E+000
 9.5905E-001
 9.1739E-001
-5.5356E+000
 1.3683E+000
 1.2911E+000
-5.3032E+000
 2.1608E+000
 1.5133E+000
-6.0666E+000
 1.7982E+000
 5.8644E-001
-7.0595E+000
 1.4367E+000
 1.2728E+000
-7.4222E+000
 9.1926E-001
 1.4965E-001
-7.4203E+000
 1.0690E+000
-1.1139E-002
-7.6795E+000
 2.4662E-001
-5.6319E-001
-7.3877E+000
-1.5449E-001
 3.2870E-001
-6.8227E+000
 4.5936E-001
 1.1069E+000
-6.3345E+000
-3.6499E-001
 7.0551E-001
-6.3611E+000
-8.3267E-001
 6.9695E-001
-6.2406E+000
-2.8952E-001
 1.1701E+000
-5.4116E+000
-5.4699E-001
 1.1420E+000
-5.1881E+000
-8.8441E-001
 1.1212E+000
-5.1768E+000
-7.3744E-001
 1.3084E+000
-4.7063E+000
-8.9402E-001
 1.0801E+000
-4.3656E+000
-1.0017E+000
 5.4387E-001
-4.1795E+000
-1.0165E+000
 5.7726E-001
-3.8863E+000
-9.6017E-001
 1.4714E+000
-3.8409E+000
-1.2875E+000
 1.0445E+000
-3.8432E+000
-5.3072E-001
 3.6225E-001
-3.5400E+000
-8.6715E-001
 6.9096E-001
-2.9811E+000
-5.5721E-001
 1.4723E+000
-3.0028E+000
-1.5003E-001
 2.0740E+000
-2.7813E+000
-5.7019E-001
 1.5745E+000
-1.3896E+000
 1.0594E+000
 6.2045E-001
-1.0377E+000
 1.7110E+000
 1.5045E+000
-2.5810E+000
 2.7612E-001
 2.4105E+000
-1.4983E+000
 1.9131E+000
 7.7006E-001
 1.0005E+000
 2.9543E+000
 5.2224E+000
-6.2460E-001
 2.9161E+000
 5.1297E+000
-7.4663E-001
 1.3130E+000
 2.5596E+000
-1.5839E+000
 1.1868E+000
 2.4107E+000
-1.8678E+000
 2.1019E+000
 3.0231E+000
-2.8227E+000
 1.5780E+000
 2.1727E+000
-3.5443E+000
 8.8426E-001
 1.6383E+000
-3.5712E+000
 1.7671E+000
 1.9294E+000
-3.8491E+000
 2.3153E+000
 2.1569E+000
-4.5004E+000
 1.6137E+000
 1.6191E+000
-5.0341E+000
 1.8811E+000
 1.9196E+000
-4.7799E+000
 2.9228E+000
 1.6992E+000
-5.2450E+000
 2.7742E+000
 1.2353E+000
-6.7362E+000
 2.8800E+000
 1.0769E+000
-8.7203E+000
 1.6348E+000
 1.6462E-001
-8.7528E+000
 7.6950E-001
-2.9402E-001
-8.6139E+000
-5.1369E-001
-6.4676E-001
-7.9628E+000
 1.8048E-002
 3.8009E-001
-7.0087E+000
 4.1124E-001
 8.1093E-001
-6.5019E+000
-9.4450E-001
 3.5675E-001
-6.5282E+000
-1.6526E+000
 4.7416E-001
-6.0963E+000
-5.3047E-001
 1.3162E+000
-4.8079E+000
-1.1466E+000
 1.0357E+000
-4.6654E+000
-2.2455E+000
 2.9738E-001
-4.1095E+000
-2.2228E+000
 7.9978E-001
-3.4747E+000
-1.2100E+000
 1.7869E+000
-1.9764E+000
-2.5385E+000
 2.9263E+000
-1.5538E+000
-3.4943E+000
 2.9390E+000
-2.8672E+000
-2.3008E+000
 2.5344E+000
-2.0191E+000
-2.4810E+000
 3.4617E+000
-2.7152E-001
-4.0956E+000
 4.6763E+000
-1.0998E+000
-3.7049E+000
 3.7812E+000
-2.4503E+000
-2.4673E+000
 2.9289E+000
-6.2109E-001
-2.9981E+000
 3.5705E+000
 7.4003E-001
-2.5153E+000
 3.4977E+000
 2.1845E+000
-2.1222E+000
 3.0957E+000
 2.5403E+000
-1.5559E+000
 2.2034E+000
 1.3778E+000
-1.5697E+000
 2.2387E+000
 1.8028E+000
-1.5361E+000
 1.8535E+000
 3.0957E+000
-1.1287E+000
 9.7774E-001
 2.7189E+000
-7.7727E-001
 5.9443E-001
 1.6002E+000
-9.7842E-001
 1.0336E+000
 1.8693E+000
-1.4692E+000
 1.3342E+000
 3.7030E+000
-9.1641E-001
 2.3381E-002
 4.0644E+000
-2.7290E-001
-2.7770E-001
 2.7879E+000
-1.2009E+000
 1.0460E+000
 3.0331E+000
-1.5264E+000
 5.1640E-001
 5.3476E+000
-8.4544E-001
-1.3499E+000
 5.1806E+000
-8.5292E-001
-1.3839E+000
 4.6757E+000
-7.8152E-001
-1.0198E+000
 5.6866E+000
-2.5066E-001
-2.3375E+000
 6.1222E+000
-3.3685E-001
-2.9891E+000
 5.5086E+000
 2.0246E-001
-3.7036E+000
 5.7779E+000
-4.3367E-001
-3.8922E+000
 5.0153E+000
-4.9735E-001
-2.5700E+000
 5.5868E+000
-1.2355E+000
-2.1080E+000
 3.7576E+000
-1.3306E+000
-1.9126E+000
 3.8286E+000
-9.9491E-001
-1.1647E+000
 4.9267E+000
-9.8596E-001
-3.8461E-001
 4.8172E+000
-1.7826E+000
-1.7346E-001
 3.3742E+000
-1.6101E+000
 6.4619E-001
 3.9468E+000
-1.2221E+000
 1.6175E+000
 4.6339E+000
-1.8285E+000
 1.9219E+000
 3.1919E+000
-1.8859E+000
 1.8734E+000
 2.6731E+000
-1.9938E+000
 2.6156E+000
 3.7824E+000
-2.3334E+000
 3.6275E+000
 3.6565E+000
-2.8554E+000
 3.7935E+000
 2.3306E+000
-2.7687E+000
 3.6056E+000
 2.5571E+000
-2.9908E+000
 4.7847E+000
 3.8827E+000
-3.6839E+000
 5.9099E+000
 2.5213E+000
-3.4382E+000
 5.5221E+000
 1.8979E+000
-3.1415E+000
 4.6410E+000
 2.9563E+000
-3.6110E+000
 5.8849E+000
 4.0158E+000
-3.4039E+000
 6.2352E+000
 5.6563E+000
-3.1268E+000
 5.5044E+000
 5.9119E+000
-2.4321E+000
 4.4459E+000
 5.1023E+000
-2.4145E+000
 4.5030E+000
 5.4297E+000
-2.5181E+000
 4.6198E+000
 6.8919E+000
-2.0385E+000
 3.5878E+000
 7.0413E+000
-1.6739E+000
 2.4686E+000
 6.0245E+000
-1.7908E+000
 2.8741E+000
 5.8329E+000
-1.8165E+000
 3.5871E+000
 7.2820E+000
-1.4386E+000
 2.6705E+000
 8.0674E+000
-1.0483E+000
 1.6204E+000
 7.1757E+000
-1.2520E+000
 2.3145E+000
 7.2513E+000
-1.2516E+000
 2.5514E+000
 8.8433E+000
-5.7568E-001
 1.2554E+000
 9.0927E+000
-5.9905E-001
 4.6188E-001
 8.0796E+000
-7.6827E-001
 1.2490E+000
 9.0973E+000
-4.9760E-001
 1.5487E-002
 9.8666E+000
-1.7486E-001
-6.9840E-001
 8.6329E+000
 3.5834E-001
-1.4679E+000
 8.6591E+000
-7.6065E-002
-1.3674E+000
 7.6862E+000
-1.9485E-001
 5.8505E-002
 8.1631E+000
-5.1060E-001
 3.4560E-001
 6.9559E+000
-5.0122E-001
 3.0527E-001
 6.8101E+000
-5.9119E-001
 9.4022E-001
 7.8372E+000
-9.1411E-001
 2.1510E+000
 7.3505E+000
-1.3909E+000
 2.2904E+000
 6.0740E+000
-1.3062E+000
 2.5867E+000
 7.0440E+000
-1.5571E+000
 3.5381E+000
 7.5218E+000
-1.7760E+000
 4.0306E+000
 6.1967E+000
-1.7497E+000
 3.8072E+000
 5.7916E+000
-1.9819E+000
 4.5936E+000
 7.0627E+000
-2.5943E+000
 5.6379E+000
 6.5831E+000
-2.6461E+000
 5.5427E+000
 5.1164E+000
-2.6375E+000
 5.6445E+000
 5.3522E+000
-3.2250E+000
 6.5351E+000
 6.9232E+000
-3.5796E+000
 7.8438E+000
 6.1924E+000
-3.4114E+000
 7.1262E+000
 5.4998E+000
-3.1189E+000
 6.8935E+000
 7.0192E+000
-3.5673E+000
 8.3463E+000
 8.7103E+000
-3.3307E+000
 8.4814E+000
 9.1546E+000
-2.7201E+000
 8.2539E+000
 1.0086E+001
-2.7023E+000
 6.9125E+000
 9.5541E+000
-2.6792E+000
 6.8059E+000
 9.6299E+000
-2.1844E+000
 7.1492E+000
 1.0650E+001
-1.6269E+000
 6.6823E+000
 1.1096E+001
-1.8965E+000
 4.7456E+000
 1.0235E+001
-1.9736E+000
 5.0260E+000
 9.8331E+000
-2.1818E+000
 5.8579E+000
 1.1113E+001
-1.5424E+000
 4.9526E+000
 1.2017E+001
-1.3533E+000
 3.7306E+000
 1.0874E+001
-1.8418E+000
 4.2492E+000
 1.0205E+001
-1.6911E+000
 4.5165E+000
 1.1735E+001
-7.0291E-001
 3.5509E+000
 1.1941E+001
-9.5354E-001
 2.8977E+000
 1.0460E+001
-1.3681E+000
 3.9134E+000
 1.0917E+001
-8.5654E-001
 2.8880E+000
 1.2151E+001
-2.0883E-001
 1.7944E+000
 1.0973E+001
 2.1899E-001
 8.5452E-001
 1.0954E+001
-1.2088E-001
 9.0491E-001
 9.3880E+000
-5.8557E-001
 1.9852E+000
 8.9634E+000
-1.1330E+000
 2.3546E+000
 7.7973E+000
-9.9413E-001
 2.4335E+000
 8.4591E+000
-1.2930E+000
 3.3410E+000
 9.5903E+000
-1.7250E+000
 4.0924E+000
 8.7002E+000
-1.8672E+000
 4.1035E+000
 7.5371E+000
-1.7189E+000
 4.3451E+000
 8.9508E+000
-2.4350E+000
 5.5689E+000
 9.4105E+000
-2.8025E+000
 6.2102E+000
 7.7908E+000
-2.6908E+000
 5.9342E+000
 7.5802E+000
-2.7713E+000
 6.8796E+000
 9.2360E+000
-3.4922E+000
 7.6560E+000
 8.7584E+000
-3.2959E+000
 7.7661E+000
 7.4572E+000
-3.2119E+000
 7.9200E+000
 7.9578E+000
