Normalized vector difference XYZ coordinates per protein residue (578 residues) obtained from truncated PDB file applying Equation 2 mentioned in the article.
-4.0306E-008
-9.3424E-008
-5.2369E-008
-5.2783E-008
-6.0650E-007
-1.6896E-007
 4.8276E-008
-2.7760E-007
-1.4013E-007
 4.8736E-007
-1.0408E-006
-4.0683E-007
 6.0509E-006
-1.1991E-005
-6.5610E-006
 9.1191E-007
-2.3292E-006
-1.7386E-006
 4.5821E-007
-9.7837E-007
-8.6107E-007
 4.6374E-006
-1.1776E-005
-1.0306E-005
 3.5274E-006
-1.0183E-005
-7.0028E-006
 1.4442E-007
-8.8491E-007
-8.9184E-007
-1.1910E-007
-3.0829E-007
-4.7670E-008
-3.3435E-008
-3.8901E-007
-1.0383E-008
-9.8458E-009
-1.5192E-007
-7.7129E-008
-3.9798E-008
-3.7135E-008
-2.6070E-008
-5.2937E-008
 9.6906E-009
-5.7389E-008
-3.1482E-007
 3.0661E-007
 3.1406E-008
-1.4432E-006
 1.8081E-006
 2.3744E-006
-1.4073E-006
 1.0298E-006
 8.9944E-007
-6.8121E-007
 9.9900E-007
-2.4604E-007
 1.2897E-006
-2.4000E-006
-9.7183E-007
 1.8884E-006
-5.8898E-006
-2.8362E-006
 2.9275E-007
-9.6906E-007
-6.9393E-007
 2.7450E-006
-4.4795E-006
-3.1588E-006
 3.1041E-005
-6.1358E-005
-3.9123E-005
 7.7908E-006
-1.6883E-005
-1.2852E-005
 2.7171E-006
-5.3093E-006
-3.8477E-006
 3.8489E-005
-6.0274E-005
-4.3886E-005
 1.9245E-005
-2.9555E-005
-2.6707E-005
 1.7420E-006
-2.4728E-006
-2.2789E-006
 6.0105E-006
-9.2669E-006
-5.7443E-006
 2.2695E-005
-3.6310E-005
-2.2150E-005
 1.5229E-006
-2.6999E-006
-1.3915E-006
 3.0094E-007
-6.5564E-007
-3.5109E-007
 2.5409E-006
-3.9701E-006
-1.5263E-006
 3.2446E-006
-4.8897E-006
-2.6335E-006
 1.6970E-005
-2.7586E-005
-1.3269E-005
 1.0456E-005
-1.8399E-005
-5.0736E-006
 1.8912E-005
-3.3498E-005
-1.2106E-005
 1.0724E-004
-1.7704E-004
-8.1283E-005
 2.4088E-004
-4.5499E-004
-1.4022E-004
 8.6925E-005
-1.6475E-004
-3.4436E-005
 9.0611E-005
-1.7018E-004
-5.3626E-005
 2.7633E-004
-4.6798E-004
-1.8290E-004
 1.2866E-003
-2.1919E-003
-7.8627E-004
 9.9373E-004
-1.7517E-003
-3.5424E-004
 5.6193E-004
-1.0131E-003
-2.5615E-004
 1.4383E-003
-2.5275E-003
-9.1251E-004
 3.3846E-003
-5.6132E-003
-1.6003E-003
 1.4817E-003
-2.5278E-003
-6.2565E-004
 4.5713E-004
-8.8588E-004
-4.2473E-004
 3.3386E-004
-1.0200E-003
-1.1363E-003
 1.5853E-004
-4.3048E-004
-2.3578E-004
 9.7512E-006
-1.2414E-004
-2.9537E-004
 5.7985E-005
-8.2542E-005
-4.4907E-005
 1.6955E-004
-2.6970E-004
-1.5548E-004
 4.0428E-005
-7.3954E-005
-4.6231E-005
 1.0990E-004
-1.9097E-004
-1.2319E-004
 7.7152E-004
-1.5702E-003
-1.0021E-003
 5.9183E-004
-1.2206E-003
-8.3856E-004
 2.4084E-004
-4.2200E-004
-3.3810E-004
 9.8394E-004
-1.7617E-003
-1.2174E-003
 3.2407E-003
-5.7271E-003
-3.9140E-003
 9.7683E-004
-1.7867E-003
-1.5192E-003
 6.3604E-004
-1.0843E-003
-8.3070E-004
 2.2412E-003
-4.2868E-003
-2.5220E-003
 1.9548E-003
-3.6474E-003
-2.4199E-003
 4.1244E-004
-7.2459E-004
-5.5546E-004
 5.5220E-004
-9.5732E-004
-6.4317E-004
 5.0747E-004
-9.3386E-004
-6.4048E-004
 5.6246E-005
-1.1974E-004
-7.5212E-005
 5.4444E-005
-1.0289E-004
-5.6889E-005
 1.8978E-004
-3.2921E-004
-1.7067E-004
 5.3396E-005
-9.1307E-005
-4.3046E-005
 7.8897E-005
-1.4681E-004
-7.6014E-005
 1.5545E-004
-3.3619E-004
-1.5210E-004
 7.9517E-005
-1.7277E-004
-6.8474E-005
 4.2637E-004
-8.6503E-004
-3.0021E-004
 1.5760E-003
-3.4686E-003
-1.3714E-003
 3.1434E-003
-7.0803E-003
-1.4830E-003
 2.7576E-003
-5.5409E-003
-1.2842E-003
 6.4305E-003
-1.2032E-002
-4.2388E-003
 1.2821E-002
-2.5944E-002
-6.4625E-003
 1.0187E-002
-1.9970E-002
-4.0353E-003
 8.6575E-003
-1.8072E-002
-6.1592E-003
 1.4354E-002
-3.0823E-002
-1.2458E-002
 2.1135E-002
-3.9735E-002
-1.2480E-002
 1.3885E-002
-2.5740E-002
-8.5712E-003
 1.0336E-002
-2.3361E-002
-9.6698E-003
 2.0585E-002
-3.9607E-002
-1.5447E-002
 1.4189E-002
-2.5640E-002
-1.1276E-002
 5.9912E-003
-1.0470E-002
-5.1753E-003
 1.9607E-003
-3.5389E-003
-1.4349E-003
 8.3339E-004
-1.9417E-003
-1.1076E-003
 1.9855E-003
-4.1320E-003
-2.2944E-003
 1.0040E-003
-1.9392E-003
-1.3035E-003
 2.8947E-003
-5.6633E-003
-3.5090E-003
 8.5541E-003
-2.0178E-002
-1.0648E-002
 5.2462E-003
-1.3107E-002
-8.3295E-003
 3.7850E-003
-8.6995E-003
-6.0063E-003
 9.1581E-003
-2.4342E-002
-1.4885E-002
 1.6597E-002
-3.5494E-002
-2.0038E-002
 6.7616E-003
-1.4809E-002
-1.1022E-002
 7.1494E-003
-1.4493E-002
-9.9045E-003
 1.4989E-002
-3.4536E-002
-1.5323E-002
 9.2929E-003
-2.8073E-002
-1.5938E-002
 3.7109E-003
-9.5845E-003
-6.8524E-003
 4.1974E-003
-9.7595E-003
-5.3188E-003
 7.4471E-003
-1.8744E-002
-8.9997E-003
 2.6228E-003
-5.9739E-003
-3.1473E-003
 1.3055E-003
-2.8626E-003
-1.3585E-003
 2.0371E-003
-5.5323E-003
-1.4888E-003
 6.3978E-004
-1.7425E-003
-3.7828E-004
 9.2523E-004
-2.2475E-003
-3.0543E-004
 4.4527E-004
-1.0282E-003
-9.3264E-005
 1.5250E-003
-3.4396E-003
-3.7348E-004
 4.8590E-003
-1.1870E-002
-1.1820E-003
 2.6095E-003
-6.2378E-003
-2.6763E-004
 1.7895E-003
-3.6399E-003
-8.2726E-005
 5.4086E-003
-1.2548E-002
-7.6795E-004
 1.2257E-002
-3.2547E-002
-3.4846E-003
 1.3951E-002
-3.3774E-002
-4.2122E-003
 1.0510E-002
-2.3452E-002
-1.7000E-003
 1.8293E-002
-4.8656E-002
-3.7752E-003
 2.5170E-002
-6.6435E-002
-5.2789E-003
 1.4197E-002
-4.1402E-002
-3.0649E-004
 1.4552E-002
-3.8841E-002
 6.2350E-005
 2.7313E-002
-6.9032E-002
-6.7336E-003
 2.3582E-002
-5.4572E-002
 4.4935E-005
 1.0876E-002
-1.8006E-002
 1.7651E-003
 1.3728E-002
-2.1660E-002
 4.3879E-004
 4.4619E-003
-6.9404E-003
 7.9616E-004
 4.4262E-003
-1.2244E-002
-2.9287E-004
 1.0698E-002
-2.5156E-002
 7.2458E-004
 1.5907E-002
-3.5186E-002
-8.3124E-003
 2.2652E-002
-5.9042E-002
-8.5336E-003
 2.5055E-002
-6.9657E-002
-7.9570E-003
 1.7556E-002
-7.0674E-002
-1.8964E-002
 3.0391E-002
-8.4944E-002
-3.3715E-002
 3.2993E-002
-1.0492E-001
-2.3335E-002
 3.6558E-002
-9.8504E-002
-2.4540E-002
 3.0360E-002
-9.4129E-002
-3.5891E-002
 3.4695E-002
-9.3856E-002
-3.2780E-002
 2.5528E-002
-8.4058E-002
-1.8773E-002
 1.6678E-002
-5.1553E-002
-2.2119E-002
 1.4082E-002
-3.5266E-002
-1.7002E-002
 1.3431E-002
-3.2884E-002
-7.3711E-003
 1.0187E-002
-3.0239E-002
-4.9997E-003
 3.9072E-003
-1.1123E-002
-2.7308E-003
 2.2650E-003
-6.7452E-003
-9.8368E-004
 2.1064E-003
-7.5345E-003
 4.4932E-004
 6.4814E-004
-2.2269E-003
 3.4152E-004
 4.0398E-004
-1.3444E-003
 4.5337E-004
 3.4180E-004
-1.1641E-003
 4.9149E-004
 1.8623E-003
-5.9933E-003
 1.5062E-003
 2.9720E-003
-1.2316E-002
 2.5262E-003
 1.1478E-003
-7.5971E-003
 2.8383E-003
 2.7519E-003
-1.3297E-002
 4.3922E-003
 1.1217E-002
-3.8221E-002
 7.3036E-003
 4.4166E-003
-3.1092E-002
 9.3909E-003
 3.1927E-003
-2.0776E-002
 9.6289E-003
 7.8292E-003
-4.4995E-002
 1.0635E-002
 2.0702E-002
-6.4965E-002
 1.2267E-002
 1.1078E-002
-3.6450E-002
 1.2846E-002
 9.1210E-003
-3.1427E-002
 9.4582E-003
 2.2936E-002
-6.1425E-002
 3.5999E-003
 1.0355E-002
-5.5133E-002
 2.0610E-003
 6.1344E-003
-1.9235E-002
 5.3803E-003
 9.6501E-003
-2.5913E-002
 3.3869E-003
 2.8550E-003
-7.5373E-003
 2.9615E-003
 4.3077E-003
-1.4224E-002
-3.3676E-003
 5.2781E-003
-1.7022E-002
-4.6003E-003
 1.1092E-002
-2.3371E-002
-9.6924E-003
 1.7056E-002
-4.6995E-002
-5.2588E-003
 1.2175E-002
-5.3378E-002
-6.5178E-003
 1.3534E-002
-4.6098E-002
-2.2944E-002
 1.4386E-002
-6.0920E-002
-2.8847E-002
 1.8591E-002
-7.5397E-002
-1.6456E-002
 1.0193E-002
-6.3594E-002
-1.9413E-002
 1.5299E-002
-5.7729E-002
-3.8676E-002
 1.8622E-002
-8.1790E-002
-3.9577E-002
 7.5010E-003
-7.3746E-002
-1.9476E-002
 1.9482E-003
-5.5441E-002
-2.5388E-002
 9.2081E-003
-4.8706E-002
-2.5954E-002
 1.0168E-002
-6.2042E-002
-1.3291E-002
-2.8383E-003
-5.4142E-002
-1.3704E-002
 8.3520E-004
-3.3839E-002
-2.6334E-002
 5.8153E-003
-3.0485E-002
-1.4518E-002
 4.7795E-003
-2.6914E-002
 3.4518E-004
 3.1111E-003
-1.5103E-002
 7.7494E-005
-3.1521E-003
-8.7519E-003
 1.0965E-003
-3.8684E-003
-6.2997E-003
 3.5931E-003
-1.1569E-003
-1.5693E-002
 9.8722E-003
-3.2825E-003
-2.5647E-002
 1.4120E-002
-1.1604E-002
-8.8358E-003
 1.7622E-002
-6.4781E-003
-9.4422E-003
 1.8127E-002
-3.5057E-003
-2.6779E-002
 2.7362E-002
-3.5237E-003
-4.0964E-002
 2.7018E-002
-7.8736E-003
-2.4573E-002
 2.4412E-002
-4.0920E-003
-1.6382E-002
 2.6391E-002
-4.6306E-004
-3.9044E-002
 2.6624E-002
-9.4209E-003
-3.2974E-002
 1.3754E-002
-7.3535E-003
-6.9666E-003
 1.6381E-002
-3.8329E-004
-1.6135E-002
 2.0270E-002
-1.7138E-003
-3.0099E-002
 1.1982E-002
-1.1946E-004
-1.3110E-002
 8.2939E-003
-1.2929E-003
-6.1453E-003
 7.6841E-003
 1.9572E-003
-1.5763E-002
 5.0949E-003
-6.8040E-004
-3.0155E-003
 5.0836E-003
 6.4979E-004
-8.2405E-003
-2.7171E-003
 5.4862E-003
-1.3876E-005
-6.4854E-003
 1.9742E-003
-1.1589E-002
-1.2503E-002
 9.4183E-003
-2.4981E-002
-1.1048E-002
 6.5586E-003
-1.7596E-002
-1.0369E-002
-7.8244E-003
-2.1413E-002
-2.2244E-002
-6.2771E-003
-3.5267E-002
-3.0570E-002
-4.5661E-003
-2.5353E-002
-1.6551E-003
-1.4461E-002
-1.4792E-002
-1.4471E-002
-5.5662E-003
-2.6142E-002
-2.6355E-002
-9.3124E-003
-3.9457E-002
-4.9304E-003
-1.7943E-002
-1.5641E-002
 3.4416E-003
-1.3641E-002
-9.4410E-003
-1.4737E-002
-2.5656E-003
-6.3492E-003
-1.9606E-002
-2.1224E-002
-7.0256E-003
 2.0013E-003
-4.1932E-002
 7.6531E-004
-8.6522E-003
-1.9569E-002
 1.3865E-002
-2.7439E-002
-1.7832E-002
 1.0001E-004
-9.5267E-003
-2.7849E-002
 4.7137E-003
-3.7105E-003
-2.3103E-002
 1.3224E-002
-1.5584E-003
-2.8033E-002
 1.2738E-002
-4.7026E-004
-2.0879E-002
 8.2962E-003
-7.8158E-004
-2.7182E-002
 1.1619E-002
 5.8782E-003
-3.5914E-002
 1.8082E-002
 8.3384E-003
-2.8483E-002
 1.5745E-002
 9.3413E-003
-2.2305E-002
 8.5939E-003
 1.0790E-002
-3.4132E-002
 6.0360E-003
 1.2902E-002
-4.9922E-002
 1.1319E-002
 1.1532E-002
-2.9501E-002
 8.9225E-003
 9.8395E-003
-2.2173E-002
 3.1234E-003
-7.5636E-003
-2.9802E-002
 9.8033E-003
-5.3301E-003
-3.1745E-002
 1.1859E-002
-4.9583E-003
-9.8350E-003
 6.0528E-003
-7.3146E-003
-1.3105E-002
-5.4075E-005
-1.7593E-002
-1.9364E-002
 3.9485E-003
-1.4240E-002
-1.7113E-002
 3.6861E-003
-1.2769E-002
-1.1579E-002
 4.9217E-003
-7.7892E-003
-8.4628E-003
 7.2983E-003
-6.2181E-003
-6.5877E-003
 7.0323E-003
 1.0126E-003
-4.8757E-003
 3.9846E-003
-5.8006E-003
-6.7111E-003
 6.3704E-003
-1.3209E-002
-6.4053E-003
-2.3763E-003
-1.7512E-002
-1.0932E-002
-2.1393E-003
-1.5110E-002
-1.5798E-002
 1.1049E-002
-1.8133E-002
-1.2993E-002
 6.3306E-003
-2.4302E-002
-1.1799E-002
-2.8950E-003
-2.7295E-002
-1.7096E-002
 6.5052E-003
-2.5693E-002
-1.6139E-002
 1.4123E-002
-3.4099E-002
-1.4769E-002
 7.1234E-003
-3.4489E-002
-2.2956E-002
 4.7922E-003
-2.4167E-002
-2.8816E-002
 1.8886E-002
-2.4763E-002
-2.1965E-002
 1.5219E-002
-2.7501E-002
-3.1021E-002
 2.0246E-003
-1.8400E-002
-2.4696E-002
 2.1704E-002
-6.6581E-003
-2.5315E-002
 3.1738E-002
-8.0904E-003
-2.2420E-002
 2.1076E-002
-2.4485E-003
-2.6906E-002
 9.3604E-003
 9.5963E-003
-2.9481E-002
 1.9242E-002
 1.8082E-002
-2.2076E-002
 2.9379E-002
 1.2965E-002
-1.4351E-002
 2.2618E-002
 1.1547E-002
-1.7050E-002
 1.9104E-002
 1.0017E-002
-2.7093E-002
 3.0505E-002
 1.7289E-002
-2.6370E-002
 3.8698E-002
 2.9959E-003
-1.0794E-002
 3.0875E-002
 4.1879E-003
-7.7670E-003
 3.0646E-002
 1.3338E-002
-1.5619E-002
 4.2713E-002
 1.3260E-002
-2.6570E-002
 5.0240E-002
 6.5272E-003
-2.3996E-002
 4.2413E-002
 2.9662E-003
-2.0689E-002
 4.0187E-002
 4.5342E-003
-2.7010E-002
 3.7404E-002
 2.5752E-003
-2.2567E-002
 4.5782E-002
-1.4044E-002
-1.8528E-002
 4.8067E-002
-1.2385E-002
-1.6353E-002
 4.4534E-002
-1.0504E-002
-1.9547E-002
 4.1254E-002
-2.1928E-002
-1.9136E-002
 4.2871E-002
-2.7974E-002
-1.2676E-002
 3.5840E-002
-1.9389E-002
-1.2887E-002
 2.4458E-002
-1.7281E-002
-3.5303E-003
 7.4685E-003
-1.2726E-002
-2.5928E-003
 8.8758E-003
-1.6604E-002
-5.8018E-004
 1.0601E-002
-2.3659E-002
-1.9924E-003
 7.9754E-003
-2.6285E-002
-8.4600E-003
 1.7240E-002
-3.4887E-002
-4.1461E-003
 3.4771E-002
-4.1215E-002
-7.6717E-004
 2.2440E-002
-4.9417E-002
-7.1655E-003
 1.1866E-002
-4.3210E-002
-1.7824E-002
 3.8956E-002
-3.8397E-002
-6.6589E-003
 5.2929E-002
-5.6983E-002
-1.4958E-002
 2.4881E-002
-5.6293E-002
-1.9264E-002
 3.2711E-002
-4.2048E-002
-1.0847E-002
 5.4958E-002
-4.1169E-002
-1.0493E-002
 3.6402E-002
-3.3624E-002
-1.1715E-002
 1.9397E-002
-2.2281E-002
-9.6731E-003
 3.6964E-002
-1.3617E-002
-4.2940E-003
 4.5449E-002
-1.1355E-002
-3.5467E-003
 3.3505E-002
-6.9747E-003
-1.2084E-002
 2.5207E-002
 4.2539E-003
-8.7328E-003
 3.0829E-002
 5.9633E-003
-8.6376E-003
 2.2260E-002
 9.3936E-003
-3.1096E-003
 1.3856E-002
 9.6933E-003
 1.3390E-003
 1.1929E-002
 9.0784E-003
 1.1424E-002
 2.6293E-002
 1.2955E-003
 7.5493E-004
 4.8560E-002
 9.9866E-004
 1.9803E-003
 3.8205E-002
 9.8131E-004
-2.6498E-003
 3.2252E-002
 1.8336E-003
-2.0230E-003
 5.1261E-002
 6.7772E-003
-5.3595E-003
 5.9178E-002
-9.4960E-003
-7.2422E-003
 4.8625E-002
-8.7649E-003
-5.1878E-003
 4.6083E-002
 2.1114E-003
-6.1118E-003
 6.4670E-002
 5.5331E-003
-7.7723E-003
 7.1065E-002
-1.5076E-002
-7.1305E-003
 6.3950E-002
-2.2079E-002
-5.6017E-003
 5.8241E-002
-1.4836E-002
-9.9754E-003
 6.0828E-002
-2.2416E-002
-9.1275E-003
 5.9995E-002
-4.2514E-002
-3.3628E-003
 5.3262E-002
-3.7086E-002
-2.4240E-003
 5.1075E-002
-3.0448E-002
-6.4109E-003
 4.9895E-002
-4.6742E-002
-3.6323E-003
 4.4399E-002
-4.5253E-002
-5.8286E-004
 2.9577E-002
-3.1417E-002
-3.7356E-003
 3.1782E-002
-3.8878E-002
-1.7625E-003
 1.5638E-002
-1.8968E-002
-3.2338E-003
 1.7618E-002
-2.7186E-002
-8.4716E-004
 1.7494E-002
-4.1132E-002
-1.3259E-002
 1.2240E-002
-3.9330E-002
-7.6368E-003
 2.6391E-002
-5.0055E-002
-9.2072E-003
 3.8420E-002
-6.4137E-002
-1.6285E-002
 2.7512E-002
-5.7923E-002
-1.1591E-002
 2.7435E-002
-6.1665E-002
-7.2111E-003
 5.0393E-002
-6.8010E-002
-1.2144E-002
 4.3333E-002
-7.1956E-002
-1.6832E-002
 2.2254E-002
-5.8775E-002
-1.2783E-002
 2.7482E-002
-5.3615E-002
-1.1801E-002
 5.0600E-002
-5.7231E-002
-1.3109E-002
 4.6275E-002
-6.1659E-002
-1.3624E-002
 3.1323E-002
-4.4387E-002
-1.0446E-002
 4.7994E-002
-3.3491E-002
-2.2947E-003
 4.6247E-002
-2.6018E-002
-4.4026E-003
 3.1460E-002
-1.2650E-002
-4.4705E-003
 3.4961E-002
-7.9574E-003
-3.3532E-003
 4.0475E-002
-8.8086E-003
-2.1681E-003
 2.8883E-002
-7.9862E-003
 9.5544E-004
 2.1374E-002
-5.0512E-003
 1.3204E-003
 1.8646E-002
-3.0768E-003
 2.3952E-003
 3.5221E-002
-7.3650E-003
-1.9232E-004
 4.6584E-002
-1.8734E-002
 1.8668E-003
 3.2655E-002
-1.4587E-002
 9.1595E-004
 2.4238E-002
-1.1313E-002
 2.4436E-003
 4.1109E-002
-1.8059E-002
-6.7664E-004
 6.1251E-002
-3.1292E-002
 4.3066E-003
 5.1720E-002
-3.4336E-002
 4.6625E-003
 4.2730E-002
-2.9347E-002
 1.3785E-003
 5.5091E-002
-4.4761E-002
-1.3733E-004
 5.5304E-002
-5.6494E-002
 2.7037E-005
 4.8244E-002
-5.1335E-002
-1.7044E-004
 4.4990E-002
-4.8112E-002
-2.6564E-003
 4.6318E-002
-6.6861E-002
 1.3664E-003
 4.5150E-002
-7.5428E-002
 1.3888E-003
 3.1312E-002
-5.0898E-002
 1.0972E-003
 3.1549E-002
-5.2721E-002
-1.1542E-003
 1.7605E-002
-2.8475E-002
-1.7833E-003
 1.3143E-002
-3.3857E-002
 1.4289E-003
 1.0383E-002
-4.7087E-002
-2.6121E-003
 3.5875E-003
-4.5285E-002
-3.3006E-003
 2.4061E-002
-6.1414E-002
-1.8403E-003
 3.6775E-002
-7.7608E-002
-3.5004E-003
 2.1165E-002
-6.8638E-002
-9.1970E-003
 2.4416E-002
-6.9035E-002
-3.3148E-003
 4.4497E-002
-7.9148E-002
-5.8901E-003
 3.3973E-002
-7.5094E-002
-4.9910E-003
 1.5973E-002
-5.2282E-002
-8.3940E-003
 2.4869E-002
-5.2200E-002
-9.5533E-003
 3.8607E-002
-6.0240E-002
-6.0400E-003
 1.9012E-002
-3.6265E-002
-3.7340E-004
 2.2084E-002
-2.5597E-002
-9.0327E-003
 3.8031E-002
-3.3530E-002
-7.1468E-003
 2.8461E-002
-3.0323E-002
-2.7302E-003
 1.2576E-002
-1.3914E-002
-3.1918E-003
 2.1074E-002
-9.7356E-003
-1.7587E-003
 2.8772E-002
-1.5029E-002
-1.0380E-003
 2.1544E-002
-1.4573E-002
-1.0525E-004
 2.3492E-002
-2.1147E-002
-8.6691E-004
 1.8135E-002
-1.4709E-002
 7.6470E-004
 2.6225E-002
-1.8038E-002
-1.5475E-003
 4.3725E-002
-4.2460E-002
 5.8614E-003
 3.8852E-002
-4.1189E-002
 1.2852E-003
 3.1140E-002
-2.4747E-002
 6.1255E-004
 4.6785E-002
-3.7006E-002
 2.9934E-004
 6.3208E-002
-7.3573E-002
 1.0856E-002
 5.7487E-002
-6.8353E-002
 1.2333E-002
 4.4216E-002
-5.1783E-002
 1.2356E-002
 5.1840E-002
-7.4386E-002
 1.3869E-002
 5.3777E-002
-1.0415E-001
 2.4653E-002
 4.1510E-002
-7.5956E-002
 2.3245E-002
 3.3468E-002
-6.6488E-002
 1.6697E-002
 1.5972E-002
-9.6375E-002
 2.4944E-002
 2.3537E-002
-9.6677E-002
 1.8293E-002
 1.2811E-002
-5.1359E-002
 9.7941E-003
 3.1941E-003
-3.8450E-002
 2.1790E-003
 1.9305E-003
-1.1257E-002
 1.8363E-003
 2.9894E-004
-1.4823E-002
 3.6553E-003
-3.8088E-005
-2.6259E-002
 7.3496E-004
-1.6784E-003
-2.2016E-002
-1.0721E-003
 2.2811E-003
-4.7348E-002
 5.6278E-003
 1.3561E-002
-7.7606E-002
-3.6270E-003
 7.0109E-003
-6.3212E-002
-9.7339E-003
 8.1473E-003
-7.2952E-002
-6.1372E-003
 2.4803E-002
-1.1471E-001
-1.0761E-002
 2.2467E-002
-1.0207E-001
-1.2803E-002
 1.6231E-002
-7.4940E-002
-1.6278E-002
 2.8881E-002
-1.0389E-001
-2.0701E-002
 2.5010E-002
-1.0109E-001
-1.2614E-002
 6.8487E-003
-5.2630E-002
-1.4235E-002
 8.0840E-003
-5.4424E-002
-1.9505E-002
 2.9891E-002
-7.8026E-002
-1.8812E-002
 1.5262E-002
-5.6154E-002
-3.9678E-003
 2.7083E-003
-2.6466E-002
-8.0731E-003
 6.4328E-003
-2.7754E-002
-6.3723E-003
 1.6837E-002
-3.4340E-002
-1.1354E-003
 1.5696E-002
-2.1049E-002
-3.7648E-003
 1.0396E-002
-9.1752E-003
 5.4078E-003
 3.1671E-003
-5.2970E-003
 1.9450E-002
 1.7103E-002
-2.9340E-002
 4.8785E-003
 4.2589E-002
-2.6472E-002
 2.3084E-002
 9.2917E-003
 1.2072E-002
 2.7353E-002
 4.8353E-002
-5.7830E-003
 4.0899E-002
 7.1944E-002
-1.0472E-002
 3.1624E-002
 6.1649E-002
-3.8149E-002
 2.6678E-002
 5.4189E-002
-4.1986E-002
 4.0039E-002
 5.7587E-002
-5.3769E-002
 3.8670E-002
 5.3243E-002
-8.6855E-002
 2.3742E-002
 4.3987E-002
-9.5883E-002
 4.1634E-002
 4.5458E-002
-9.0687E-002
 4.4458E-002
 4.1416E-002
-8.6416E-002
 3.3309E-002
 3.3420E-002
-1.0391E-001
 3.0337E-002
 3.0958E-002
-7.7086E-002
 2.5427E-002
 1.4782E-002
-4.5628E-002
 1.9215E-002
 8.5560E-003
-4.6657E-002
 5.0568E-003
 1.8909E-003
-1.5312E-002
 3.0821E-003
 3.1036E-004
-1.6502E-002
 1.2288E-003
-4.6952E-004
-1.3756E-002
-1.0892E-003
-1.3714E-003
-1.6885E-002
 1.3792E-004
 2.9046E-003
-5.3559E-002
 3.4511E-003
 6.8053E-003
-5.4564E-002
-4.0764E-003
 1.5397E-003
-2.8175E-002
-1.2872E-002
 3.6933E-003
-4.7485E-002
-8.7199E-003
 2.1636E-002
-7.9033E-002
-1.1796E-002
 1.0655E-002
-4.7997E-002
-1.3263E-002
 1.7565E-003
-2.4274E-002
-2.7950E-002
 1.0056E-002
-4.3691E-002
-1.8635E-002
 2.7520E-002
-3.0439E-002
-1.6449E-002
 1.8962E-002
-1.0068E-002
-1.8090E-002
 1.5216E-002
-1.4844E-002
-2.2674E-002
 2.4977E-002
-1.9898E-002
-1.5278E-002
 2.1317E-002
-1.6720E-003
-8.5305E-003
 9.7400E-003
-2.2907E-003
-9.0243E-003
 9.2101E-003
-5.9683E-003
-7.8002E-003
 9.2595E-003
-1.9635E-003
-5.4404E-003
 6.4791E-003
 1.3429E-003
-4.7029E-003
 6.5398E-003
 4.0844E-003
-2.6707E-003
 3.8958E-003
 3.1969E-003
-5.6704E-003
 8.0303E-003
 5.0214E-003
-1.1264E-002
 1.6065E-002
 1.2937E-002
-5.6375E-003
 6.8024E-003
 1.1361E-002
-3.1392E-003
 2.7194E-003
 7.5620E-003
-5.3028E-003
 4.0554E-003
 1.0917E-002
-1.4257E-002
 1.5061E-002
 2.7238E-002
-1.5813E-002
 1.4360E-002
 3.9855E-002
-6.0919E-003
 1.5543E-004
 2.7018E-002
-2.8668E-003
-2.9172E-003
 2.9286E-002
-1.7923E-002
 1.5611E-002
 4.5268E-002
-1.1967E-002
 4.0487E-003
 4.1927E-002
-3.8363E-003
-6.1254E-003
 2.3508E-002
-5.2975E-003
-8.5955E-003
 2.9041E-002
-2.9414E-003
-3.8382E-003
 2.1402E-002
-2.2772E-004
-2.1235E-003
 5.5618E-003
-3.1956E-004
-2.8357E-003
 5.2259E-003
 4.0132E-005
-7.3413E-004
 1.1453E-003
-2.1171E-004
-1.9001E-003
 2.4484E-003
-4.4720E-004
-2.3108E-003
 5.0234E-003
-2.2153E-003
-3.7798E-003
 6.7376E-003
-6.0823E-003
-8.7427E-003
 1.7501E-002
-4.5486E-003
-5.3248E-003
 2.2524E-002
-4.8432E-003
-1.8893E-003
 2.3663E-002
-1.9342E-002
-1.8821E-003
 3.6612E-002
-1.9829E-002
 7.9582E-003
 4.8607E-002
-9.6296E-003
 1.2745E-002
 3.6513E-002
-1.5971E-002
 1.6786E-002
 2.7879E-002
-2.8435E-002
 2.8246E-002
 4.0304E-002
-1.8999E-002
 2.4924E-002
 3.6043E-002
-1.1073E-002
 1.7214E-002
 1.7352E-002
-1.7127E-002
 2.2753E-002
 1.3979E-002
-2.0013E-002
 2.6062E-002
 1.8483E-002
-8.6974E-003
 1.3914E-002
 1.1291E-002
-4.7229E-003
 7.5767E-003
 3.2324E-003
-5.1548E-003
 8.2791E-003
 2.8455E-003
-5.9682E-003
 8.8169E-003
 5.6163E-003
-1.7279E-003
 2.8160E-003
 1.9216E-003
-7.4701E-004
 1.3684E-003
 1.2413E-003
-7.0731E-004
 1.2451E-003
 1.3373E-003
-2.7517E-003
 5.0302E-003
 5.7729E-003
-4.4307E-003
 8.2631E-003
 9.9637E-003
-1.6220E-003
 2.9758E-003
 4.4393E-003
-1.3257E-003
 2.3332E-003
 4.5791E-003
-3.8728E-003
 5.7114E-003
 1.3938E-002
-8.2768E-003
 1.3284E-002
 2.6959E-002
-3.7758E-003
 7.4562E-003
 1.5137E-002
-2.0463E-003
 3.7986E-003
 1.1475E-002
-3.1397E-003
 4.8531E-003
 2.1491E-002
-3.6110E-003
 6.6755E-003
 2.0914E-002
-1.1660E-003
 2.3770E-003
 8.2387E-003
-4.3636E-004
 9.5159E-004
 6.8922E-003
-7.1835E-004
 5.5386E-004
 9.6886E-003
-3.0216E-004
 4.9124E-004
 3.5780E-003
-5.8462E-005
 1.8195E-006
 1.1592E-003
-3.8379E-005
-1.5329E-004
 1.8948E-003
 1.1114E-005
-4.5526E-005
 2.6855E-004
-5.1175E-006
-9.1995E-005
 5.1711E-004
-8.1013E-006
 2.4325E-006
 3.3940E-004
-7.3818E-005
 4.9964E-005
 1.0056E-003
-3.5510E-004
 2.1628E-004
 4.8248E-003
-1.7182E-004
 2.7326E-004
 2.2778E-003
-1.5283E-004
 3.5962E-004
 1.2289E-003
-1.0622E-003
 1.7491E-003
 4.6384E-003
-1.4757E-003
 2.9223E-003
 7.9580E-003
-4.3395E-004
 9.8603E-004
 2.0962E-003
-6.0575E-004
 1.3747E-003
 2.1135E-003
-2.4683E-003
 5.3708E-003
 8.1702E-003
-1.2306E-003
 2.8523E-003
 4.3854E-003
-4.0186E-004
 8.7331E-004
 1.0197E-003
-1.0706E-003
 2.2426E-003
 2.0701E-003
-1.9616E-003
 4.1979E-003
 3.9805E-003
-5.6070E-004
 1.1362E-003
 1.2037E-003
-1.3467E-004
 2.9509E-004
 2.3296E-004
-4.0225E-004
 8.4027E-004
 6.4850E-004
-3.0028E-004
 6.6370E-004
 6.7580E-004
-3.9289E-005
 9.1923E-005
 9.5932E-005
-7.5238E-006
 1.9159E-005
 2.0679E-005
-5.0984E-006
 1.5471E-005
 1.8904E-005
-6.3652E-005
 1.6282E-004
 2.2505E-004
-6.0319E-005
 1.5323E-004
 2.1681E-004
-7.5187E-006
 2.4608E-005
 3.6657E-005
-8.7998E-006
 3.6144E-005
 6.0017E-005
-7.8083E-005
 1.9539E-004
 4.2140E-004
-1.6225E-004
 4.1318E-004
 8.0836E-004
-2.7027E-005
 7.2566E-005
 1.3766E-004
-1.4465E-005
 4.6446E-005
 1.1270E-004
-6.9544E-005
 1.9171E-004
 5.5880E-004
-5.8014E-005
 1.3384E-004
 3.2144E-004
-5.9308E-006
 1.5840E-005
 4.1156E-005
-3.4325E-006
 1.7340E-005
 5.8311E-005
-1.3703E-005
 4.1642E-005
 1.5032E-004
-2.2298E-006
 6.3782E-006
 1.7793E-005
-2.8651E-007
 9.6603E-007
 4.0645E-006
-2.5577E-007
 2.1977E-006
 1.3439E-005
 2.5238E-008
 9.8481E-008
 1.2624E-006
-6.7755E-008
 5.0721E-007
 5.2621E-006
-9.2461E-008
 3.1346E-007
 1.4153E-006
-2.0813E-006
 4.3254E-006
 1.4324E-005
-1.2978E-005
 3.1769E-005
 1.1043E-004
-2.1912E-006
 5.6618E-006
 1.6252E-005
-1.4565E-006
 3.4554E-006
 7.3459E-006
-2.1242E-005
 4.6683E-005
 8.5746E-005
-2.4902E-005
 6.2949E-005
 1.2967E-004
-2.6566E-006
 6.0757E-006
 1.0267E-005
-3.9381E-006
 8.7266E-006
 1.0948E-005
-3.7865E-005
 8.3506E-005
 1.0667E-004
-7.7565E-006
 1.9255E-005
 2.5850E-005
-7.0348E-007
 1.5422E-006
 1.7643E-006
-2.3728E-006
 5.5909E-006
 5.3686E-006
-6.8612E-006
 1.6919E-005
 1.6999E-005
