0.23515543737623457	0.2229978242022227	0.1952701232870501	0.1590869255311514	0.3194655991187769	0.23192758418077086	0.3108016794949342	0.285165905379812	0.1246086114349624	0.16474378678044088	0.1509636755419583	0.20252683880759606	0.19649780671839456	0.11082770572190917	0.14428002223104125
0.2116829998539252	0.2211042903189322	0.18249039284521723	0.1324657635587395	0.2976546328826421	0.3673331898622275	0.3411277704456429	0.2513867654967103	0.14767101118314202	0.15624102540980184	0.14328294951240256	0.23027725690187176	0.1823200588262829	0.17196580230724423	0.12528149484810938
0.1529044138402977	0.17112446344600588	0.30148659525629923	0.10188459543508367	0.3091178421980366	0.22992609751247117	0.22462290949857944	0.24214584785999899	0.14004719475972718	0.16956388537180447	0.18216340651328874	0.27936641597886547	0.19280207416450384	0.14512504662754033	0.1366253565320832
0.20708327398483747	0.17850620936451375	0.20494595332229743	0.13826854597169447	0.33145766682872074	0.21376677406439543	0.2330995065821184	0.22502591806355807	0.19237497324562106	0.12149810789854833	0.1796209107032411	0.37279249590900015	0.20790608576379155	0.16524601967102628	0.20918459578879528
0.16740388739797726	0.1677542261013361	0.22711074463134773	0.09756252764342353	0.29210443276867776	0.21118447500332163	0.21973684293411241	0.24240525892629364	0.224635893216843	0.16336788650425313	0.14156462019691068	0.23406870746685102	0.18966364627699847	0.19061134684469214	0.0897462027046616
0.13857219471847712	0.178390908175842	0.20172443916551674	0.12515693074984138	0.21297932238162384	0.22094930389198275	0.23926506886092236	0.22776024615602355	0.1644851709627084	0.17556693937790838	0.12893874415308515	0.29101590902948715	0.11879313728746323	0.1854418541224504	0.06292414012589984
0.15020160672608027	0.180974806314827	0.20830008626142052	0.1381514107801835	0.2426999096026589	0.23000582287025792	0.2321477347420876	0.20367817452485287	0.18974498612296656	0.27637010973454573	0.21159404830823594	0.31963000134989966	0.13357916091623548	0.18074178749970374	0.10949792757837774
0.09035022860610696	0.16847610060413107	0.32935948738452103	0.14679775190721264	0.17219400272187962	0.12879297815018956	0.203213577500057	0.18881313003557545	0.13979153001449895	0.19178637123522196	0.1345907990947591	0.1400794870457741	0.07826414025607545	0.11386984896943336	0.04033651117778031
0.1262503061931377	0.14714223753863173	0.2931588696225159	0.19035806666608124	0.15715874950316872	0.17503931340230675	0.1823706943643511	0.1740946250911755	0.14706699314868074	0.19345399140053868	0.19474109324386982	0.13604040050494964	0.0816462433632426	0.13904132420989485	0.06493862684291268
0.331757585433317	0.2672195017664515	0.2150136444209404	0.2488579732226229	0.14254634097900878	0.1620434838734571	0.22236255401377822	0.334925857227207	0.051884512024512074	0.3296069283667382	0.06522229757508334	0.11924857400015891	0.13762173165888075	0.21081156421618988	0.0179512125932667
0.2829526031558952	0.29234505834067354	0.24109955079703255	0.28252322820618997	0.17929337949829027	0.17043070026590187	0.17907053822552488	0.2693450403265232	0.13978670285266048	0.21270901885034021	0.22999337583095472	0.060308700549142	0.18710837668484234	0.18980018763697526	0.10603287313825913
0.2940406865376353	0.2897987511382026	0.2350317552674303	0.2531988073471848	0.12789740965598945	0.23348859705895209	0.15396201797204276	0.19075098787186254	0.08589302081132943	0.20781422042467101	0.2332956884146709	0.04864059578704524	0.23377432912071391	0.15862376906277137	0.04053386584880035
0.29404069190602544	0.2605396462605087	0.18769189982032322	0.37283829016874265	0.1400757151433033	0.2805164920579904	0.2517212461069587	0.19739501785947064	0.1949395403625391	0.2456086959788595	0.2668366216161581	0.1077053699602753	0.25698591727174885	0.18620050758170542	0.055944244123475616
0.2731883229859192	0.27036751626631006	0.19761197472800565	0.285110098118396	0.2848145018075446	0.22705542278476096	0.278945984492939	0.18464043059266386	0.1989998861619886	0.2954789269191676	0.2412883532212836	0.2079797571879559	0.24806279470023498	0.1725074196794703	0.09985108531204911
0.25870203619431603	0.24933778327188647	0.24125675801104043	0.28442328018238244	0.17577205194758022	0.19866153761881744	0.16767280164965054	0.18419722167136263	0.3002150630557137	0.28102358641440284	0.21556023112935951	0.20988965842295318	0.2503362875592495	0.23563748517572689	0.07884029494175326
0.32661997887385474	0.211880987838688	0.15817648387585753	0.29485446886463396	0.15404682617776275	0.15767451148828693	0.1468935318848196	0.23791805450074802	0.2827615995782662	0.28910562772072906	0.23815913272321038	0.20809581830107343	0.32808799193485927	0.1984758217724213	0.0840485346383049
0.10040433886410144	0.24367461620057485	0.16577943052701602	0.26905274924611	0.16931937840897895	0.1798205807317976	0.17933837502960953	0.05549557784678023	0.26157212311996186	0.24723495983815233	0.24989507595995605	0.23985924088672592	0.38544311668464976	0.1447818983020855	0.20443547554150046
0.12589297731940188	0.2785539626473652	0.1949833919197221	0.2237822950656402	0.14675815312900017	0.26787609880600616	0.1117060611782153	0.08086768782660954	0.28811574168746273	0.25282277663614255	0.27727435700403685	0.2552789890122822	0.21559051721559552	0.16020370701882689	0.272168196808601
0.1637573062558615	0.17200239759440208	0.24301151589364378	0.22901466826154165	0.1411893211247912	0.1785016574240703	0.09656769023512303	0.20288286004768277	0.40347544719190365	0.20741522517092975	0.37101490685167404	0.19749959795167302	0.251540382420184	0.2918134835106832	0.2465132117588731
0.1463532594289212	0.13693168640086617	0.07764045237079926	0.1345511822042695	0.15827119141509355	0.0893490169728111	0.10009742501534619	0.13429135627658503	0.18021936780117734	0.09767789418159172	0.1973025477184777	0.2287018515372653	0.20245806206073877	0.2505926228564152	0.4106006994846604
0.12011472530896493	0.09229202067608122	0.10562113426092294	0.1368709183776993	0.12540121442772986	0.20020386926320421	0.051333720206324915	0.23914197335007187	0.16314843913948007	0.0707795086422064	0.18970948905417906	0.10960696249933988	0.20989439574298727	0.5241268152731842	0.4460833839640537
0.19965508687562125	0.12151111005234445	0.0821347000245847	0.14087837052897534	0.15773587479662637	0.17536659574969138	0.29250884315723813	0.13203137098401113	0.31739468103093155	0.08341578327276301	0.24014984017826024	0.14388693218475282	0.13107923331461743	0.1995687982883423	0.5361024382562812
