0.00020740505145303936
0.0002430351825137104
0.00020870079160926837
0.00029873053191797894
0.00024233133992568323
0.00021814262755922206
0.00015757037940478114
0.0002134025384267583
0.00017251231268369495
0.00014280080442641285
0.00015478509458697332
0.00017675656437865506
9.310731746202196e-05
0.00013010290643146658
0.0003418813577333424
0.0002915870635324629
0.00030301350611480364
0.00030301351164701326
0.00028152482077337115
0.000266596476662236
0.00033658697417386917
0.00010346823463988939
0.00012973467346295565
0.0001687544540342145
0.0001583229631174632
0.00010487371165757153
0.00015081931277293058
0.00012378009479047897
0.00011150063690923417
0.00020574767594311934
0.00016799776702706865
0.00014868838390935668
0.00018827171794999487
0.00018408862840502138
0.00011319434831265814
0.00017501312302012906
0.00011360949303667362
0.000158515065456033
0.00014828307277026963
0.0001180782770223003
0.00012033019079055802
0.00017385384754358627
0.00019622477440250918
0.0001945585776115699
0.0001505416844635516
0.00015057931329407224
0.00015707480908080384
0.00014761370560257734
0.00015697335091718095
0.00015924702704480813
0.00014824891207584505
0.00012947638601135125
0.00023513721103629592
0.0002572462010596392
0.0002550056027123152
0.00022925933691629399
0.0002379072758889933
0.00021940236613331038
0.0001864426219743042
0.00021441911714894312
0.00024511086004963545
0.0001513518429401601
0.00015588309703726822
0.00011546991666611106
0.00012049171048502671
8.121146921995504e-05
0.00010065691673588617
0.00010692252376327044
7.863558629876977e-05
7.342813033403164e-05
8.04976148747194e-05
0.00011817139444096499
9.536807585153184e-05
8.103991366740597e-05
8.023259561529272e-05
9.795709806474188e-05
8.927120101927717e-05
9.156066870536444e-05
0.00011117808682138884
0.0001561587272106424
0.00011548897139521428
0.00010793063170355666
0.00012222904999652999
0.00017830877652702526
0.00012121156550923021
0.00013432052916625045
0.00011930625941304463
0.0001231953065779686
0.00015815563158134876
0.00019479369284454152
0.00017338349430096045
0.00012716591873918048
0.00014259395475705157
0.00013900526718644914
0.00011100696862672724
0.00011687401693891367
0.0001426869321113752
9.355061140039724e-05
9.80472362477336e-05
0.00011531938933052343
0.00014372475182233835
6.192504468701306e-05
6.385382412715374e-05
4.591903682972366e-05
6.246770344615626e-05
4.0992310939063576e-05
4.85770780599637e-05
4.4060436125281656e-05
3.2861031749635096e-05
7.833730171569186e-05
9.418667462959071e-05
9.805821757437525e-05
0.0001506658459995178
0.00011785318221349936
0.00012202885644221339
0.00011104988682997252
0.00012225269576013887
0.00011272806581727777
0.00011579771726779597
0.00011607898466206023
9.665465144319541e-05
6.978480359285142e-05
7.434086963037995e-05
0.00010088869574609305
7.118724000794903e-05
9.132170601924529e-05
0.0001008032271630942
0.00010298616293553664
0.00010711209569969071
0.0001388962105280278
0.00018158111208883555
0.0002061452213255599
0.00018474843470873815
0.0002720442929010636
0.00020803275062351536
0.00020753160869501331
0.00021514280481946813
0.0001963163839438761
0.00016328445288534127
0.00016710229376651594
0.0001685073135185844
7.610464283766858e-05
9.817629301216929e-05
9.986890614675935e-05
7.492257981647456e-05
0.0001027929740753386
0.00010612759203384077
0.00012654986964820227
0.0001106161512903928
0.00011698488687070999
0.0001062489728963659
6.0783947017282814e-05
3.7430306203591256e-05
6.253912800128585e-05
0.00011501396335976789
0.00010477545886850632
0.00011183089045108119
0.0001414805407231354
0.00013182119929390347
0.00012966578542982098
0.00013689786813348489
0.00014679142311132173
0.00012936320282914694
9.432135972235282e-05
0.00010748360555489323
0.00011170671345874794
7.625891702134346e-05
6.960031039465125e-05
6.312896742386443e-05
7.94029915880401e-05
5.6641449737096904e-05
6.203481055650733e-05
0.00012613473823996912
7.78435143632247e-05
6.822214449515584e-05
7.498584285220937e-05
6.49942369929472e-05
6.25279890923122e-05
5.041120987059333e-05
7.098973118429603e-05
7.009297340330179e-05
5.553596904803726e-05
5.202940296988867e-05
6.985589972511005e-05
7.00307211471518e-05
7.112669366117683e-05
4.556392845467272e-05
8.539442097670818e-05
8.631944019743543e-05
8.692120717044917e-05
8.36481766816531e-05
7.257667592810435e-05
6.80604619086959e-05
8.375696121445643e-05
6.325477024571313e-05
6.668712492322963e-05
9.932084118581163e-05
0.00015730703849416793
9.690694979735959e-05
9.846372304602724e-05
9.154364235133272e-05
9.04377966803871e-05
9.461949426794704e-05
9.849786469255535e-05
0.0001063463579039513
5.515440077508149e-05
7.495896578715546e-05
6.939362208182586e-05
7.298536986916864e-05
9.998933050203718e-05
0.00012012859124155284
9.723438316507198e-05
8.507496465874727e-05
6.752265009742202e-05
7.700649926523084e-05
0.00011471545983184524
7.644168256675244e-05
3.254659682094818e-05
5.0706257281308744e-05
3.826288949721541e-05
8.573545390951527e-05
6.662294860975138e-05
7.509912142307229e-05
0.00012692840354189272
0.00014920959349717933
6.56135485273625e-05
8.32898929232526e-05
0.00010187025890854666
6.374338333229683e-05
5.933599278851176e-05
0.00012524514314272829
0.00011112245641035786
0.00012824005406551566
0.00012824005406551566
0.00011920541069387891
0.00010725460906284568
0.0001177198453981454
8.940538200378054e-05
7.751516138516163e-05
8.044035184055313e-05
7.582902777070188e-05
8.256802686772918e-05
8.011190472023699e-05
9.517957369769508e-05
7.012701104591734e-05
6.293433664951288e-05
7.673513489283578e-05
6.179548515716782e-05
5.31307812588169e-05
8.686653137746081e-05
9.626152138257164e-05
5.786223813407178e-05
5.0691516087588504e-05
6.188791300942853e-05
3.854866531316503e-05
3.332456208441729e-05
3.6285990360873654e-05
3.22921534175396e-05
3.4542638912584936e-05
1.7714763000695496e-05
9.363183224121564e-05
0.00010094193078762359
0.00010649584976221149
0.0001270017316131744
0.00010285532393146113
0.00013691510065694246
0.00013653449696408396
7.162025407092543e-05
6.918890977760026e-05
7.590264054142537e-05
8.021672642481252e-05
7.878547665433426e-05
8.544760701700849e-05
9.591202093843047e-05
9.586892712691864e-05
8.451283637844753e-05
8.080148645017715e-05
8.140616463829058e-05
7.565067539112075e-05
8.149337513625454e-05
7.656991957737268e-05
6.847385224702703e-05
6.421540122438784e-05
6.347642499504591e-05
5.852826235950046e-05
0.00011259755108756764
9.055016590664433e-05
6.412790663497721e-05
6.636153981024304e-05
6.207361978142043e-05
6.192461892621079e-05
7.998483759386055e-05
1.8656863980191154e-05
2.718662478547647e-05
6.820647825800386e-05
7.782535379288191e-05
2.4398307087114546e-05
4.5146940801031756e-05
8.039630258585814e-05
4.382165061144071e-05
4.4387164259607205e-05
4.567141437679112e-05
0.0001222068317868752
5.4924352976318657e-05
4.615207734362217e-05
2.159742604412873e-05
2.062688074226197e-05
1.4856899472093233e-05
2.2016121647427944e-05
4.3141081812772796e-05
7.291031863521091e-05
4.642632190032803e-05
4.1275696189657654e-05
6.655904998014768e-05
5.720847847317461e-05
5.5872745960416914e-05
5.587407963159041e-05
6.173456176048476e-05
7.316031416397806e-05
6.586616644510546e-05
6.938326408355443e-05
9.530789670344732e-05
0.00011129085111950666
8.149051521034857e-05
9.400492814787892e-05
0.00011352392713215309
6.925660067865398e-05
7.286106687903132e-05
2.5705026122224696e-05
6.925420916881198e-05
4.255378450179759e-05
9.657845437394119e-05
9.859006228481075e-05
0.00014873486782503913
0.0001400879379975189
0.00012959008373188269
0.000142740528479896
0.0001998929257510292
0.0002197521160375181
0.0001168365921967328
0.0001508432736057546
8.9285672666084e-05
8.082826119477144e-05
0.00015724612699645016
0.00013305956117341347
0.00015872429499452778
0.00016968819626698002
0.00013839607039907166
0.00011948108961350457
0.00011278769519476286
7.472117869942809e-05
0.00010770378037151652
9.588271624886661e-05
0.00010049203097957833
0.000108273678641857
0.00010882884286922412
0.00011181507564156984
0.00010604407253183013
9.741286074504973e-05
0.00011508657800973765
8.246332314243432e-05
0.00011088122316395122
0.00011916097711692529
0.00018757821055929527
0.00015395191669625378
0.00013016944690769083
0.00013130129581422837
0.00022371115990207357
0.00014437008822731912
0.00014104788550931398
0.00016669979157213355
0.00020054776698795142
0.00019073662312903887
0.00019622207467574605
0.00016780357108329852
0.00017159613995735995
0.0001407770790324836
0.00011943291045901638
0.00011780829761665057
6.629604272105165e-05
4.80395422939317e-05
5.244758508382574e-05
5.6616047856028474e-05
0.0001230274249016167
4.981998894781903e-05
4.5375164679839486e-05
0.0001402853389348202
0.00014474344094327229
0.00014597145735617545
0.00014803174520101287
0.00013685959124052103
0.00013840274658387259
0.00016930344186623833
8.599379053342293e-05
8.724025756146059e-05
0.00010449929757842351
9.91825849844869e-05
0.00010858940807689788
0.00012609621458137266
0.00012433626123304405
9.799313192014757e-05
8.925331306534427e-05
0.00014646854179063823
0.00011177625375374195
9.316574941242717e-05
0.00013480267607807802
4.514784274149975e-05
0.00015920482947797052
0.00016149073927808542
0.00018470827122474276
0.00016702338052487775
0.00014921399242561452
0.00016485728763635522
0.00017298108178920302
0.0001919334266300219
0.00025682202700707537
0.00015437258823092215
0.0001368373648373833
0.00013657575289549584
0.00013131972495339372
0.0001330754805763945
0.00016623528489291396
0.00013231371806385895
0.00012011244211473926
8.549755530692e-05
0.0001293315142015012
0.00011063414903622615
0.00011139675079923401
6.758618154719305e-05
0.0001006931562449306
7.932221741868695e-05
0.00010144798583655579
0.00013186762603759457
0.00012687633610258025
0.00017785564584511034
0.00020222559385638661
0.0002179251034710974
0.00024533486343781955
0.0003273800673356438
0.00020555518164284693
0.0002555652512841178
0.0002806936633991826
0.00023108522976586246
0.0001230154372865444
0.00011946837977272473
0.00010472208162521923
5.296208122044074e-05
4.27153488837817e-05
9.458503499118873e-05
0.00018264430657763145
0.0001843215495526898
0.00018274622948499797
0.000210640330195222
0.0002241816923069624
0.00017344080791788357
0.00021660587249419352
0.00023138047689899268
0.00020084209949959111
9.625498140994893e-05
0.00010799033632963923
0.0001263590712374807
9.933885636497826e-05
9.049419982531948e-05
9.779618995306041e-05
8.352550231616185e-05
8.532315345178966e-05
7.447614250677415e-05
6.693793982012355e-05
7.964134111561173e-05
7.883753564391134e-05
8.586486342575405e-05
6.744755620857745e-05
7.58777590216253e-05
7.700633206288011e-05
7.145015624434591e-05
5.537517150698711e-05
7.55579962620212e-05
8.147716936690585e-05
7.432806487450705e-05
4.6554330195958116e-05
5.234888568979427e-05
5.101125657869243e-05
3.067125518511441e-05
3.199668145470458e-05
5.393314533215232e-05
7.33266697851168e-05
9.161478144051724e-05
0.00010071126600040361
9.721434686804642e-05
9.810531531684319e-05
0.00012857574990130516
0.00015105288517192915
8.448865275175657e-05
9.857719299448675e-05
9.293255985518556e-05
0.0001235854602947839
7.934212099476312e-05
8.225637632630622e-05
5.898115934578464e-05
5.1369178800244856e-05
4.556686888443099e-05
4.1033241608344285e-05
4.086481407724766e-05
7.854438593835056e-05
0.00010826521305960945
0.00015223557608246008
0.00014738016336922146
0.00012147754966760103
0.0001011743055510846
0.00011907071366028532
8.654541007158123e-05
9.02502487519774e-05
6.563185986445675e-05
0.00010183767104976482
9.189589069258375e-05
8.594264999928214e-05
9.785823441497144e-05
0.00011287951079738987
0.00010981815154875729
0.00010703478513393903
0.00010704449979165926
6.743340865596655e-05
8.233988646133561e-05
0.00012484202348428397
0.00011239914456494051
9.393655597655926e-05
0.0001102674240226317
0.00010215841535501368
0.00013954386500314442
0.00011753683103155055
8.573943851292793e-05
9.487219085098826e-05
0.0001728111353706925
0.00016944459111742108
0.00010316638934184461
0.0001484002560483175
0.000310386445944566
0.00012693334852675875
0.00011818408869208596
0.00017343558296940072
0.00015278176076005678
0.0002059239091590411
0.00021010841614241827
0.00011416763900884419
9.793327047396312e-05
9.411881895804441e-05
7.864863006954437e-05
0.00012157798123283807
0.00010341789216264076
0.00010342018542846492
0.00011239502559165813
0.00011538765222702807
0.00010019361887030343
5.827404737532602e-05
0.0001092658490145837
0.00016729495197524238
7.177434177130237e-05
5.032345216793299e-05
8.757074327838474e-05
6.895679548568623e-05
3.225904218659029e-05
5.193453379326307e-05
1.4356445499075221e-05
8.479957308793473e-05
3.241687618046488e-05
4.474129463805099e-05
7.98557009370852e-05
6.305236437826194e-05
6.721764340669425e-05
0.00016349685278586415
0.00021766595787127313
0.00019714843613103384
0.0002222708228160681
0.0002817587161329331
0.0003283770683126303
0.00035675427254006867
0.00041620124748768345
0.00042874682680960063
