-2.177465930596720334e-01 1.172161662664943094e-01 -2.601124472228592555e-01 -1.195282155165652282e-01 2.669894105585879363e-01 -2.974361209076022139e-02 3.771524386564487075e-03 -8.414732522420301231e-02 2.420022747605625191e-01 6.346013404371775302e-02 -9.469292852523759907e-02 1.786476119614208991e-01 -9.138070845497837935e-02 -3.357858342103559601e-01 2.578288321784784620e-01
-2.257610533803693087e-01 9.880443527697510553e-02 -3.199567081358508647e-01 -1.065811808168068003e-01 2.308425516161642377e-01 -1.568689989604321600e-02 -3.325607713212669903e-01 -2.344345892877394144e-01 -3.330915833867075238e-01 -2.413820539651806776e-02 -2.144442720514072587e-01 -2.238432053599989993e-02 -8.339953989022545755e-02 9.789097459405547968e-04 -3.533835739998388990e-04
-2.121760704714381329e-01 6.168274330251972276e-02 -3.138431310476567648e-01 5.919842756287792274e-02 -1.552323896803645131e-01 2.315520544833501310e-02 -1.297039767723804637e-01 2.091024226070072305e-03 3.385022059334066302e-01 -4.756343466051297236e-02 -1.846358586552142127e-03 5.458384407298499247e-02 -3.042258932195553434e-01 3.205196798704508798e-01 1.450866188231143550e-01
-2.253347727555269076e-01 -5.410527316601174141e-02 -3.379344597113401738e-01 1.007937035522536301e-01 3.563735705981097013e-02 -2.506909818967920645e-01 7.773546111585727392e-02 -3.781073661724039525e-02 2.446764092167390825e-01 -2.645574593210580638e-01 2.547660811878471043e-01 -4.116171754579471820e-01 1.867946691432638417e-01 4.748942160570989585e-02 9.833406704593873615e-02
-2.040600382564523863e-01 5.003606291571888881e-02 -2.377270278427887906e-01 2.458707689381606915e-02 -1.583860177431885563e-01 -9.543786889524147332e-02 5.632560746221546705e-02 -3.073072869673230123e-01 4.154921433706351003e-02 1.197460178967647559e-01 -3.797079280665502932e-01 1.600120716017725264e-01 2.391895778451345322e-01 5.641835730920875813e-02 -4.212287617020098185e-02
-1.909664407279693943e-01 8.836101389845546494e-02 -2.459280969038359910e-01 2.800019656889648698e-02 -1.628729478767330652e-01 -7.432655975505078616e-02 3.317962019800949763e-02 2.336336908940823964e-02 -3.128550966262124700e-01 -1.407805347197276652e-02 7.918786074230746430e-02 -3.208862983033521910e-01 -4.164265257483697018e-03 -3.583344739650576316e-01 -4.238692995683424614e-01
-2.144925509729720958e-01 5.616527077048445726e-02 -1.989652545701946496e-01 1.524639187538696372e-01 -1.594776087857086022e-01 -3.841194727464106173e-02 9.249774816928886534e-02 2.150262115563287002e-01 -3.327778989443161417e-01 -1.412554051368299646e-01 2.994366216400780600e-01 4.533302496070221177e-01 -1.798003616098959034e-01 1.189389949430072133e-02 -1.929048233945192259e-01
-1.624170156451203995e-01 1.584683242814080850e-01 -1.054860178695343070e-01 4.001713480179385635e-02 -2.763851242836431465e-01 4.209161985137568895e-01 7.103750251380973324e-02 1.647556309470459002e-01 1.617479649011577536e-01 3.422731520877812517e-01 -7.888361215090378131e-02 -1.788241436734800127e-01 2.384594230182512931e-02 -6.732916178169547072e-03 -7.412093530001914732e-02
-1.718811310825131278e-01 1.107467038915446456e-01 -1.994693258360737478e-02 2.393121354736390746e-02 -2.184693605629959567e-01 4.111617759738036004e-01 -6.854004917538735440e-03 5.276828980571689892e-02 1.087983030840694067e-02 8.263080536159682354e-02 3.179509257446310744e-01 -8.979992620129126357e-02 -5.754984903307561878e-02 1.871063685155871514e-01 2.877534451381783542e-01
-2.053705908035245165e-01 3.070410831828326303e-01 9.893492186222489770e-02 -4.305149618115192145e-01 -2.793429509395463362e-02 -1.316611779660815662e-01 3.156424377198383535e-01 4.557532299642296225e-01 -1.562876853133668420e-01 6.991125766328998292e-02 -2.235886908023530517e-01 -3.618077665161822942e-02 -1.841860733606060230e-01 8.384791728855103821e-03 7.679559277847662624e-02
-2.162716399808664036e-01 1.390634495939693238e-01 2.044964326838763502e-01 -2.444973252207227887e-01 4.775827400083901275e-02 1.864636137193410037e-01 7.382875434994899157e-03 2.040087253138152604e-02 3.258820054286733492e-01 -1.459159170262085414e-01 -2.863634282454575325e-02 9.113341527332143033e-02 2.608645059477291417e-01 -4.656912656770452186e-01 -2.264286975831942758e-02
-2.005804666096765998e-01 1.978786290023209771e-01 2.629414076826330215e-01 -1.684458346724474476e-01 1.054911880866384044e-01 9.716172095674491249e-02 -3.447428421999507719e-01 -3.118333548742601227e-02 2.268125610039792017e-01 -3.256254193880824821e-01 -7.786167630039428356e-02 -4.214783328396920492e-03 -1.397742943185998343e-01 3.428361380133532754e-01 -5.267739805827353905e-01
-2.369802056068363028e-01 1.643966853842631637e-01 2.928908831664475132e-01 -4.821008013874981957e-02 2.330270501702325914e-01 7.470928207835471346e-02 -1.853152208967369929e-01 -2.333929835908387651e-01 -2.361380354164471784e-01 7.428783220624138317e-02 4.151836871108937621e-01 -2.699767562831956180e-01 -7.927691872238275261e-02 -1.115475099226952843e-01 1.960791361266552568e-01
-2.480626856386129730e-01 1.407533433155117863e-01 4.973321493564417800e-02 7.614591606458942508e-02 2.063060331766066735e-01 -7.986209792293084975e-02 1.336803772987588991e-02 5.206106169945888540e-02 -2.028093093564865834e-02 1.525980744125389754e-01 2.971448690240243717e-01 4.766512395387682566e-01 4.736052654980914545e-01 1.715239667895601117e-01 -7.202929911338514478e-03
-2.384074623580226260e-01 7.577085518657040997e-02 2.038226188390052096e-01 1.144757468705054904e-01 -1.455373986771909822e-01 -8.949997520050402555e-02 1.655539476623142658e-01 -8.366559960474306834e-02 -1.475177119060989694e-01 5.717202684299927534e-02 -1.945723067235265169e-01 -2.493269458821226192e-01 4.546363023639930501e-01 2.944446313450058694e-01 -2.785404233664847198e-02
-2.373764419438856854e-01 6.881567451834891269e-02 2.882426402978500724e-01 6.739673086946039449e-02 7.240194445769555093e-03 -3.846392261704912330e-01 3.696293559369100978e-01 -2.292503932033636282e-01 3.097241712506444006e-02 -5.466792111494477718e-02 -4.527178602250864908e-02 -1.455563648616150195e-02 -3.496550685750395293e-01 1.218565943778459060e-01 1.905821973801675728e-01
-2.198685394660711279e-01 -1.008678102818812150e-01 1.858031210489186069e-01 4.317311010033832996e-01 1.395511937072304032e-01 -2.123257916257386413e-01 -2.838231657563553556e-01 1.985019333596297619e-01 1.474262654602696287e-01 5.703194161086763136e-01 -1.011779467444615249e-01 -4.577493902320818597e-02 -1.870255682946384834e-01 -1.210084530392624841e-01 -1.402926262854904405e-01
-2.229307233831135104e-01 -1.572441567925308703e-01 1.246678818733330946e-01 3.419963461960358608e-01 9.033239901302232699e-03 1.301091337915854518e-01 -2.455616140584002960e-01 3.867655399845421615e-01 -1.995741813392294950e-01 -4.428503843345962809e-01 -3.385291668297433221e-01 -1.093304355960300275e-02 9.336945271475158292e-02 -7.911187380922929391e-02 3.672428967466082605e-01
-2.403400240296752755e-01 -2.347272391573028416e-01 2.304056403825186505e-01 1.832255466145490397e-01 -3.527224270788932303e-01 1.835698320314097520e-01 1.668234128329676436e-01 -3.866267807993417072e-01 3.464187322036798439e-02 -1.482126187903058112e-01 -1.874082365504010222e-02 1.876761892134830856e-01 -1.664413738312281177e-01 -2.683936795461803193e-01 -1.011990009606929947e-01
-1.764289024930023875e-01 -3.852556091118123360e-01 -1.984702873635261003e-02 -5.750077665485222450e-02 6.934469533249204565e-02 -1.975363759217832471e-01 1.182777025663994952e-01 3.145526905408182472e-01 2.597761720793010376e-01 -1.061159344051895159e-01 1.896054187526703683e-01 -8.010357458217870485e-02 4.758285486879112319e-02 -5.825984554613785477e-02 -1.889869537444046899e-01
-1.927422379728207791e-01 -5.025796093612924231e-01 6.266814615077259676e-02 -5.367804543079137680e-01 -3.446902620755346036e-01 -1.662572332411655640e-01 -3.410954077100415982e-01 -1.523225526219132778e-02 -1.103034973477431818e-01 1.866458349796931981e-01 5.741975099257450033e-02 5.642553487480731628e-02 5.596637312785832791e-02 6.263866503122408891e-02 1.439426394072449156e-01
-2.040637357665879836e-01 -4.667275184020408529e-01 -8.978314089224766203e-02 -7.906854288464280900e-02 4.990196421862720944e-01 4.258203811640929315e-01 3.639945869298967240e-01 -4.350433827577904200e-02 -1.266135933294047222e-01 8.916339094555893185e-02 -1.040139507594389917e-01 -4.386538347834192941e-02 -7.722618697468752735e-02 1.932268335025242312e-01 -1.230167750980331182e-01
